116.000
124.000
131.000
171.000
143.000
150.000
124.000
164.000
108.000
122.000
107.000
116.000
123.000
163.000
134.000
140.000
108.000
113.000
153.000
124.000
120.000
114.000
132.000
173.000
145.000
118.000
125.000
130.000
171.000
143.000
118.000
125.000
165.000
114.000
125.000
107.000
116.000
122.000
163.000
134.000
102.000
107.000
148.000
122.000
125.000
119.000
115.000
153.000
136.000
144.000
117.000
126.000
164.000
136.000
142.000
147.000
120.000
160.000
200.000
114.000
106.000
112.000
153.000
125.000
132.000
105.000
104.000
144.000
115.000
120.000
118.000
125.000
165.000
139.000
146.000
120.000
125.000
165.000
137.000
143.000
118.000
123.000
163.000
203.000
112.000
107.000
113.000
154.000
126.000
132.000
101.000
105.000
151.000
126.000
120.000
116.000
126.000
166.000
139.000
145.000
118.000
124.000
164.000
137.000
143.000
150.000
123.000
164.000
204.000
125.000
141.000
114.000
154.000
128.000
134.000
105.000
105.000
146.000
117.000
129.000
118.000
122.000
162.000
135.000
144.000
117.000
123.000
164.000
137.000
143.000
150.000
121.000
161.000
201.000
106.000
106.000
111.000
152.000
126.000
132.000
100.000
108.000
152.000
116.000
120.000
141.000
121.000
161.000
136.000
144.000
116.000
123.000
163.000
136.000
143.000
149.000
121.000
161.000
202.000
130.000
106.000
113.000
153.000
126.000
134.000
100.000
105.000
146.000
117.000
122.000
114.000
105.000
145.000
136.000
143.000
117.000
123.000
163.000
136.000
144.000
115.000
121.000
162.000
201.000
141.000
139.000
112.000
155.000
133.000
144.000
119.000
105.000
146.000
121.000
129.000
127.000
123.000
163.000
136.000
143.000
117.000
122.000
163.000
136.000
144.000
150.000
123.000
163.000
203.000
131.000
138.000
113.000
153.000
125.000
134.000
102.000
107.000
150.000
119.000
125.000
117.000
119.000
159.000
133.000
140.000
114.000
120.000
160.000
135.000
141.000
115.000
119.000
159.000
205.000
118.000
103.000
109.000
150.000
124.000
129.000
102.000
104.000
145.000
113.000
117.000
137.000
121.000
161.000
138.000
143.000
119.000
130.000
164.000
139.000
149.000
149.000
120.000
160.000
200.000
115.000
105.000
112.000
155.000
132.000
143.000
139.000
105.000
146.000
118.000
123.000
106.000
120.000
161.000
136.000
144.000
117.000
123.000
163.000
137.000
144.000
150.000
122.000
162.000
202.000
129.000
106.000
113.000
154.000
125.000
133.000
101.000
107.000
150.000
117.000
122.000
114.000
106.000
146.000
138.000
145.000
118.000
125.000
165.000
138.000
145.000
117.000
123.000
163.000
203.000
145.000
132.000
114.000
157.000
134.000
134.000
112.000
106.000
147.000
118.000
122.000
115.000
122.000
162.000
135.000
143.000
117.000
123.000
164.000
137.000
143.000
118.000
122.000
162.000
202.000
109.000
106.000
112.000
152.000
125.000
131.000
103.000
114.000
148.000
118.000
131.000
150.000
118.000
158.000
132.000
139.000
113.000
120.000
160.000
133.000
139.000
145.000
117.000
158.000
198.000
121.000
103.000
110.000
151.000
124.000
129.000
98.000
104.000
144.000
116.000
122.000
105.000
120.000
160.000
136.000
143.000
117.000
124.000
164.000
137.000
143.000
149.000
123.000
163.000
203.000
141.000
140.000
114.000
154.000
126.000
133.000
101.000
107.000
147.000
119.000
124.000
134.000
114.000
154.000
132.000
140.000
113.000
119.000
159.000
136.000
141.000
113.000
118.000
161.000
205.000
110.000
104.000
113.000
151.000
124.000
131.000
99.000
104.000
145.000
117.000
121.000
132.000
115.000
155.000
131.000
139.000
112.000
118.000
158.000
133.000
139.000
147.000
117.000
157.000
197.000
113.000
102.000
109.000
150.000
124.000
131.000
98.000
104.000
145.000
114.000
121.000
114.000
105.000
146.000
137.000
144.000
117.000
124.000
164.000
137.000
145.000
151.000
122.000
162.000
202.000
120.000
110.000
121.000
165.000
142.000
133.000
103.000
106.000
148.000
128.000
122.000
133.000
117.000
157.000
134.000
143.000
115.000
122.000
163.000
136.000
143.000
148.000
154.000
128.000
168.000
124.000
106.000
148.000
126.000
141.000
151.000
123.000
141.000
111.000
117.000
122.000
138.000
145.000
128.000
136.000
142.000
116.000
156.000
129.000
137.000
143.000
115.000
155.000
127.000
168.000
108.000
106.000
146.000
119.000
127.000
132.000
102.000
142.000
112.000
118.000
120.000
118.000
125.000
130.000
136.000
143.000
116.000
156.000
132.000
147.000
142.000
118.000
162.000
142.000
186.000
144.000
107.000
150.000
128.000
129.000
133.000
102.000
143.000
111.000
117.000
120.000
118.000
127.000
125.000
137.000
142.000
116.000
156.000
130.000
137.000
143.000
115.000
157.000
134.000
168.000
111.000
106.000
147.000
126.000
127.000
131.000
100.000
140.000
112.000
119.000
124.000
110.000
117.000
127.000
134.000
140.000
113.000
153.000
127.000
134.000
141.000
146.000
151.000
123.000
164.000
102.000
104.000
144.000
118.000
126.000
131.000
98.000
138.000
110.000
115.000
121.000
138.000
146.000
129.000
137.000
144.000
117.000
157.000
130.000
136.000
144.000
115.000
156.000
128.000
167.000
110.000
106.000
146.000
119.000
127.000
133.000
101.000
141.000
111.000
118.000
119.000
117.000
124.000
128.000
136.000
144.000
116.000
157.000
130.000
137.000
142.000
149.000
154.000
127.000
167.000
111.000
108.000
148.000
122.000
128.000
133.000
102.000
143.000
111.000
117.000
119.000
115.000
122.000
129.000
137.000
144.000
116.000
156.000
132.000
143.000
154.000
115.000
155.000
130.000
167.000
112.000
110.000
147.000
118.000
127.000
128.000
100.000
140.000
112.000
121.000
121.000
116.000
125.000
136.000
151.000
143.000
117.000
157.000
130.000
137.000
142.000
148.000
155.000
128.000
169.000
117.000
104.000
144.000
118.000
126.000
132.000
101.000
140.000
111.000
116.000
123.000
139.000
146.000
129.000
137.000
144.000
117.000
158.000
131.000
138.000
145.000
150.000
157.000
128.000
167.000
120.000
108.000
148.000
121.000
128.000
129.000
101.000
141.000
113.000
120.000
120.000
91.000
131.000
104.000
111.000
119.000
92.000
131.000
108.000
112.000
118.000
92.000
132.000
105.000
144.000
108.000
97.000
137.000
112.000
119.000
124.000
97.000
138.000
112.000
118.000
125.000
130.000
121.000
106.000
123.000
138.000
110.000
151.000
125.000
131.000
138.000
109.000
149.000
121.000
162.000
105.000
103.000
144.000
117.000
127.000
141.000
99.000
138.000
113.000
127.000
137.000
125.000
113.000
107.000
119.000
136.000
108.000
148.000
122.000
128.000
135.000
108.000
149.000
120.000
160.000
105.000
102.000
143.000
115.000
122.000
125.000
97.000
137.000
112.000
116.000
117.000
125.000
118.000
107.000
123.000
144.000
125.000
150.000
124.000
130.000
140.000
117.000
161.000
122.000
162.000
121.000
103.000
143.000
116.000
124.000
133.000
99.000
139.000
110.000
118.000
121.000
127.000
113.000
103.000
125.000
137.000
111.000
154.000
131.000
142.000
152.000
110.000
151.000
124.000
163.000
113.000
103.000
144.000
117.000
128.000
132.000
99.000
142.000
117.000
118.000
119.000
126.000
113.000
115.000
128.000
137.000
110.000
151.000
127.000
142.000
137.000
146.000
115.000
122.000
162.000
140.000
133.000
112.000
123.000
134.000
127.000
135.000
105.000
111.000
116.000
118.000
126.000
166.000
106.000
112.000
117.000
124.000
100.000
104.000
111.000
118.000
125.000
98.000
104.000
147.000
124.000
120.000
101.000
107.000
113.000
120.000
128.000
100.000
108.000
115.000
122.000
126.000
100.000
107.000
113.000
119.000
124.000
97.000
103.000
111.000
116.000
124.000
96.000
103.000
143.000
120.000
126.000
104.000
111.000
116.000
123.000
131.000
105.000
112.000
119.000
124.000
133.000
104.000
113.000
121.000
120.000
130.000
100.000
107.000
114.000
119.000
125.000
96.000
105.000
144.000
131.000
123.000
100.000
106.000
114.000
121.000
128.000
100.000
106.000
114.000
121.000
127.000
99.000
106.000
112.000
118.000
126.000
99.000
106.000
111.000
120.000
123.000
96.000
102.000
143.000
129.000
124.000
101.000
107.000
114.000
121.000
128.000
103.000
114.000
125.000
121.000
128.000
101.000
106.000
113.000
119.000
126.000
99.000
103.000
109.000
116.000
123.000
96.000
102.000
142.000
125.000
121.000
101.000
107.000
114.000
121.000
127.000
100.000
107.000
117.000
120.000
127.000
100.000
106.000
112.000
119.000
125.000
100.000
105.000
111.000
116.000
122.000
96.000
102.000
142.000
123.000
129.000
104.000
110.000
117.000
124.000
131.000
105.000
111.000
118.000
124.000
130.000
102.000
109.000
116.000
122.000
128.000
101.000
107.000
113.000
117.000
124.000
98.000
104.000
146.000
128.000
123.000
100.000
107.000
114.000
120.000
127.000
101.000
107.000
114.000
121.000
127.000
100.000
107.000
111.000
117.000
124.000
98.000
105.000
111.000
117.000
124.000
96.000
102.000
141.000
89.000
127.000
102.000
107.000
114.000
122.000
128.000
101.000
108.000
113.000
120.000
134.000
100.000
107.000
114.000
120.000
127.000
96.000
104.000
109.000
114.000
123.000
97.000
104.000
150.000
118.000
125.000
101.000
108.000
116.000
127.000
128.000
101.000
107.000
114.000
121.000
128.000
101.000
108.000
113.000
120.000
126.000
98.000
105.000
110.000
118.000
123.000
98.000
102.000
144.000
113.000
127.000
106.000
112.000
118.000
125.000
131.000
103.000
110.000
117.000
125.000
130.000
103.000
111.000
115.000
123.000
129.000
100.000
108.000
114.000
117.000
123.000
97.000
104.000
144.000
120.000
127.000
101.000
108.000
114.000
120.000
127.000
100.000
107.000
113.000
121.000
127.000
101.000
107.000
112.000
119.000
125.000
100.000
111.000
109.000
116.000
122.000
94.000
101.000
141.000
129.000
124.000
102.000
108.000
114.000
120.000
127.000
99.000
113.000
114.000
120.000
126.000
100.000
105.000
112.000
119.000
125.000
98.000
104.000
110.000
116.000
123.000
93.000
100.000
141.000
129.000
123.000
104.000
107.000
117.000
121.000
127.000
102.000
113.000
124.000
120.000
126.000
98.000
105.000
115.000
119.000
126.000
98.000
104.000
113.000
116.000
90.000
96.000
102.000
143.000
102.000
91.000
100.000
107.000
114.000
121.000
95.000
101.000
107.000
114.000
120.000
161.000
119.000
124.000
132.000
140.000
114.000
121.000
127.000
134.000
141.000
114.000
121.000
127.000
168.000
115.000
103.000
113.000
124.000
125.000
133.000
108.000
108.000
111.000
116.000
120.000
161.000
125.000
114.000
133.000
141.000
115.000
122.000
127.000
134.000
140.000
114.000
121.000
127.000
167.000
115.000
105.000
112.000
118.000
124.000
129.000
101.000
108.000
114.000
116.000
125.000
163.000
114.000
130.000
133.000
140.000
117.000
128.000
138.000
134.000
143.000
120.000
121.000
127.000
164.000
105.000
103.000
116.000
126.000
126.000
132.000
173.000
108.000
110.000
116.000
121.000
161.000
116.000
123.000
133.000
143.000
121.000
122.000
128.000
134.000
141.000
114.000
121.000
126.000
165.000
104.000
144.000
113.000
119.000
127.000
132.000
173.000
112.000
121.000
117.000
121.000
162.000
115.000
122.000
138.000
138.000
115.000
120.000
126.000
133.000
138.000
111.000
119.000
123.000
163.000
103.000
146.000
112.000
119.000
125.000
131.000
100.000
107.000
110.000
115.000
120.000
160.000
115.000
123.000
131.000
138.000
112.000
118.000
125.000
132.000
138.000
111.000
118.000
122.000
162.000
104.000
144.000
111.000
118.000
125.000
129.000
100.000
110.000
109.000
117.000
120.000
160.000
115.000
131.000
133.000
140.000
180.000
123.000
134.000
133.000
140.000
180.000
120.000
127.000
167.000
140.000
105.000
113.000
119.000
125.000
131.000
104.000
110.000
115.000
117.000
122.000
163.000
116.000
128.000
134.000
140.000
114.000
121.000
128.000
134.000
140.000
180.000
119.000
126.000
166.000
112.000
152.000
111.000
119.000
127.000
133.000
102.000
109.000
113.000
116.000
120.000
161.000
125.000
115.000
133.000
141.000
113.000
120.000
128.000
134.000
141.000
181.000
119.000
125.000
166.000
108.000
103.000
114.000
119.000
126.000
132.000
102.000
109.000
110.000
116.000
120.000
162.000
115.000
126.000
134.000
139.000
113.000
121.000
127.000
134.000
139.000
113.000
120.000
126.000
167.000
109.000
106.000
119.000
119.000
125.000
132.000
102.000
109.000
117.000
127.000
135.000
179.000
145.000
110.000
133.000
138.000
114.000
118.000
125.000
132.000
138.000
181.000
118.000
128.000
165.000
112.000
102.000
109.000
117.000
125.000
128.000
99.000
105.000
111.000
117.000
119.000
158.000
125.000
113.000
133.000
139.000
113.000
120.000
127.000
133.000
139.000
114.000
120.000
126.000
167.000
144.000
104.000
110.000
117.000
125.000
131.000
101.000
109.000
110.000
119.000
121.000
162.000
123.000
111.000
129.000
138.000
112.000
119.000
126.000
133.000
139.000
180.000
122.000
133.000
177.000
154.000
147.000
114.000
119.000
125.000
130.000
100.000
111.000
117.000
127.000
120.000
167.000
137.000
110.000
129.000
138.000
111.000
118.000
125.000
133.000
139.000
112.000
119.000
125.000
165.000
122.000
106.000
113.000
116.000
122.000
161.000
102.000
104.000
111.000
115.000
156.000
128.000
139.000
123.000
130.000
171.000
112.000
118.000
126.000
131.000
172.000
111.000
117.000
124.000
165.000
113.000
104.000
111.000
119.000
121.000
162.000
101.000
105.000
114.000
114.000
155.000
128.000
126.000
122.000
132.000
172.000
113.000
119.000
127.000
135.000
173.000
113.000
120.000
126.000
167.000
118.000
106.000
114.000
119.000
122.000
162.000
102.000
107.000
114.000
115.000
155.000
127.000
122.000
111.000
133.000
174.000
113.000
119.000
126.000
135.000
172.000
112.000
119.000
127.000
166.000
124.000
106.000
117.000
121.000
126.000
166.000
101.000
105.000
112.000
114.000
157.000
128.000
126.000
119.000
133.000
174.000
114.000
120.000
130.000
134.000
174.000
114.000
119.000
126.000
166.000
121.000
129.000
114.000
120.000
126.000
166.000
102.000
105.000
111.000
116.000
157.000
128.000
124.000
125.000
132.000
172.000
114.000
120.000
126.000
133.000
173.000
146.000
121.000
124.000
164.000
124.000
101.000
114.000
121.000
122.000
162.000
100.000
106.000
112.000
117.000
157.000
128.000
137.000
120.000
131.000
171.000
112.000
119.000
126.000
133.000
172.000
146.000
120.000
124.000
164.000
126.000
105.000
113.000
121.000
121.000
161.000
100.000
105.000
111.000
114.000
155.000
126.000
124.000
125.000
137.000
170.000
118.000
117.000
124.000
130.000
170.000
111.000
117.000
122.000
165.000
136.000
118.000
135.000
119.000
124.000
168.000
100.000
105.000
111.000
116.000
156.000
127.000
138.000
125.000
132.000
172.000
114.000
120.000
128.000
133.000
174.000
146.000
120.000
127.000
167.000
117.000
107.000
115.000
121.000
126.000
167.000
102.000
109.000
113.000
115.000
155.000
130.000
123.000
114.000
131.000
171.000
113.000
119.000
126.000
131.000
171.000
148.000
126.000
126.000
169.000
125.000
107.000
114.000
120.000
126.000
166.000
105.000
107.000
115.000
121.000
154.000
127.000
138.000
122.000
131.000
171.000
114.000
119.000
127.000
133.000
173.000
146.000
118.000
125.000
165.000
123.000
106.000
119.000
120.000
122.000
165.000
108.000
107.000
113.000
120.000
157.000
130.000
125.000
114.000
130.000
171.000
112.000
119.000
125.000
130.000
171.000
110.000
117.000
124.000
165.000
116.000
128.000
112.000
119.000
124.000
161.000
103.000
106.000
112.000
119.000
157.000
127.000
126.000
115.000
134.000
174.000
114.000
120.000
127.000
134.000
175.000
148.000
122.000
128.000
170.000
129.000
133.000
115.000
121.000
126.000
166.000
102.000
104.000
111.000
114.000
155.000
128.000
138.000
121.000
131.000
171.000
113.000
119.000
127.000
132.000
173.000
146.000
120.000
126.000
166.000
123.000
106.000
114.000
121.000
123.000
164.000
100.000
105.000
112.000
117.000
158.000
128.000
134.000
117.000
128.000
167.000
110.000
117.000
124.000
130.000
170.000
110.000
117.000
123.000
163.000
120.000
105.000
112.000
118.000
122.000
162.000
101.000
105.000
111.000
113.000
153.000
126.000
122.000
114.000
132.000
173.000
146.000
119.000
126.000
167.000
139.000
111.000
117.000
122.000
162.000
203.000
128.000
114.000
120.000
160.000
132.000
103.000
107.000
112.000
152.000
123.000
127.000
125.000
123.000
163.000
137.000
110.000
117.000
123.000
163.000
136.000
110.000
116.000
121.000
161.000
200.000
115.000
118.000
125.000
155.000
128.000
98.000
104.000
109.000
149.000
120.000
126.000
127.000
124.000
164.000
141.000
113.000
120.000
126.000
166.000
139.000
112.000
118.000
125.000
165.000
205.000
138.000
113.000
121.000
161.000
131.000
103.000
108.000
112.000
153.000
123.000
127.000
125.000
113.000
153.000
138.000
145.000
119.000
126.000
166.000
139.000
111.000
118.000
122.000
163.000
202.000
121.000
113.000
116.000
156.000
130.000
101.000
106.000
112.000
152.000
125.000
127.000
140.000
120.000
162.000
140.000
146.000
119.000
125.000
165.000
138.000
111.000
119.000
126.000
166.000
206.000
136.000
114.000
123.000
161.000
132.000
105.000
107.000
112.000
152.000
123.000
128.000
125.000
125.000
164.000
139.000
113.000
119.000
125.000
166.000
138.000
109.000
116.000
122.000
162.000
205.000
144.000
112.000
117.000
158.000
131.000
103.000
107.000
112.000
152.000
120.000
126.000
118.000
124.000
164.000
138.000
146.000
119.000
125.000
165.000
138.000
146.000
117.000
124.000
164.000
205.000
137.000
114.000
125.000
169.000
143.000
100.000
107.000
112.000
150.000
121.000
126.000
123.000
109.000
150.000
138.000
117.000
118.000
124.000
166.000
143.000
109.000
117.000
126.000
164.000
204.000
137.000
110.000
115.000
156.000
128.000
101.000
106.000
110.000
151.000
118.000
124.000
117.000
124.000
163.000
138.000
113.000
120.000
126.000
166.000
139.000
112.000
119.000
125.000
165.000
206.000
123.000
114.000
116.000
156.000
128.000
101.000
107.000
113.000
153.000
123.000
127.000
123.000
112.000
152.000
136.000
111.000
118.000
124.000
164.000
137.000
111.000
118.000
122.000
163.000
203.000
114.000
112.000
117.000
157.000
128.000
135.000
107.000
108.000
148.000
117.000
125.000
118.000
124.000
165.000
145.000
114.000
121.000
126.000
172.000
149.000
111.000
120.000
131.000
165.000
204.000
140.000
113.000
120.000
160.000
132.000
102.000
105.000
111.000
151.000
124.000
127.000
124.000
114.000
155.000
140.000
112.000
120.000
126.000
166.000
137.000
145.000
119.000
123.000
163.000
203.000
115.000
113.000
116.000
156.000
131.000
100.000
106.000
109.000
151.000
122.000
128.000
126.000
117.000
163.000
138.000
114.000
118.000
127.000
171.000
152.000
143.000
116.000
123.000
165.000
209.000
147.000
112.000
119.000
159.000
130.000
101.000
106.000
111.000
151.000
123.000
132.000
135.000
115.000
161.000
153.000
113.000
119.000
126.000
166.000
137.000
144.000
118.000
124.000
165.000
205.000
130.000
111.000
118.000
158.000
130.000
98.000
105.000
109.000
148.000
120.000
126.000
128.000
115.000
155.000
139.000
112.000
118.000
125.000
165.000
138.000
111.000
117.000
124.000
164.000
204.000
134.000
112.000
118.000
158.000
130.000
101.000
105.000
111.000
151.000
121.000
127.000
123.000
123.000
164.000
139.000
112.000
118.000
124.000
164.000
138.000
112.000
118.000
125.000
165.000
205.000
136.000
109.000
118.000
158.000
129.000
98.000
105.000
109.000
155.000
121.000
126.000
124.000
115.000
155.000
140.000
113.000
120.000
126.000
166.000
139.000
111.000
118.000
125.000
165.000
205.000
139.000
113.000
117.000
156.000
131.000
106.000
117.000
161.000
135.000
144.000
153.000
125.000
133.000
113.000
127.000
133.000
107.000
148.000
120.000
130.000
135.000
106.000
147.000
122.000
126.000
134.000
137.000
93.000
94.000
114.000
135.000
112.000
138.000
107.000
117.000
117.000
123.000
111.000
116.000
130.000
136.000
110.000
150.000
124.000
131.000
137.000
143.000
149.000
122.000
128.000
135.000
139.000
93.000
92.000
109.000
126.000
99.000
143.000
119.000
129.000
119.000
124.000
112.000
113.000
129.000
135.000
109.000
149.000
