140.000
181.000
120.000
127.000
133.000
138.000
110.000
151.000
124.000
112.000
131.000
102.000
109.000
114.000
121.000
121.000
162.000
133.000
128.000
134.000
139.000
113.000
120.000
127.000
133.000
139.000
112.000
120.000
125.000
131.000
136.000
177.000
149.000
116.000
108.000
130.000
170.000
106.000
113.000
119.000
120.000
160.000
131.000
128.000
133.000
139.000
179.000
119.000
125.000
135.000
139.000
182.000
126.000
126.000
131.000
138.000
110.000
150.000
130.000
118.000
129.000
102.000
108.000
114.000
116.000
121.000
161.000
133.000
149.000
132.000
138.000
112.000
120.000
125.000
133.000
140.000
180.000
120.000
127.000
131.000
137.000
111.000
151.000
131.000
120.000
132.000
102.000
107.000
113.000
120.000
122.000
92.000
132.000
127.000
120.000
142.000
114.000
120.000
127.000
135.000
142.000
115.000
121.000
130.000
133.000
140.000
180.000
151.000
117.000
109.000
131.000
103.000
108.000
117.000
121.000
123.000
93.000
133.000
129.000
119.000
139.000
112.000
119.000
126.000
133.000
139.000
180.000
119.000
125.000
130.000
137.000
178.000
150.000
128.000
120.000
130.000
102.000
106.000
113.000
119.000
122.000
93.000
133.000
134.000
145.000
142.000
182.000
120.000
127.000
133.000
140.000
180.000
123.000
128.000
139.000
149.000
126.000
170.000
130.000
122.000
130.000
103.000
108.000
114.000
116.000
122.000
93.000
133.000
150.000
132.000
139.000
114.000
125.000
136.000
146.000
158.000
179.000
120.000
128.000
131.000
137.000
178.000
151.000
129.000
121.000
130.000
101.000
108.000
114.000
117.000
128.000
92.000
133.000
129.000
134.000
140.000
181.000
120.000
126.000
131.000
138.000
179.000
119.000
125.000
132.000
137.000
110.000
150.000
116.000
110.000
130.000
101.000
106.000
112.000
118.000
121.000
91.000
132.000
102.000
127.000
139.000
179.000
120.000
126.000
132.000
138.000
112.000
120.000
124.000
132.000
172.000
116.000
149.000
124.000
123.000
162.000
99.000
103.000
110.000
114.000
161.000
104.000
148.000
122.000
132.000
172.000
116.000
122.000
129.000
135.000
175.000
118.000
121.000
129.000
132.000
179.000
124.000
154.000
140.000
125.000
169.000
102.000
105.000
115.000
116.000
156.000
93.000
135.000
150.000
137.000
175.000
147.000
120.000
127.000
133.000
173.000
114.000
122.000
128.000
133.000
173.000
112.000
153.000
123.000
123.000
163.000
105.000
108.000
114.000
119.000
159.000
126.000
132.000
148.000
133.000
173.000
115.000
122.000
128.000
133.000
174.000
148.000
122.000
127.000
133.000
173.000
146.000
153.000
139.000
122.000
162.000
102.000
105.000
113.000
118.000
158.000
91.000
132.000
149.000
134.000
174.000
121.000
132.000
142.000
156.000
174.000
148.000
156.000
126.000
134.000
174.000
113.000
153.000
127.000
124.000
164.000
104.000
107.000
113.000
118.000
158.000
125.000
132.000
151.000
134.000
174.000
115.000
120.000
127.000
133.000
174.000
114.000
121.000
127.000
133.000
174.000
113.000
154.000
126.000
124.000
163.000
104.000
