105.000
146.000
86.000
94.000
99.000
106.000
146.000
84.000
92.000
98.000
105.000
145.000
116.000
89.000
96.000
101.000
141.000
82.000
89.000
93.000
134.000
93.000
87.000
103.000
104.000
144.000
118.000
115.000
114.000
119.000
160.000
133.000
136.000
111.000
118.000
158.000
131.000
138.000
110.000
116.000
156.000
128.000
137.000
107.000
109.000
150.000
189.000
120.000
127.000
101.000
140.000
180.000
126.000
113.000
119.000
159.000
133.000
139.000
111.000
119.000
159.000
131.000
137.000
110.000
114.000
155.000
129.000
99.000
105.000
113.000
153.000
193.000
114.000
119.000
102.000
140.000
180.000
107.000
114.000
124.000
168.000
143.000
103.000
112.000
118.000
158.000
130.000
136.000
110.000
115.000
157.000
128.000
134.000
105.000
113.000
153.000
193.000
135.000
124.000
102.000
141.000
181.000
108.000
110.000
118.000
157.000
132.000
105.000
112.000
117.000
157.000
130.000
102.000
110.000
115.000
156.000
131.000
133.000
104.000
111.000
151.000
191.000
116.000
124.000
99.000
138.000
98.000
104.000
111.000
122.000
158.000
131.000
137.000
113.000
118.000
158.000
131.000
135.000
110.000
116.000
155.000
129.000
131.000
105.000
110.000
149.000
189.000
137.000
126.000
101.000
139.000
98.000
105.000
112.000
118.000
159.000
133.000
140.000
112.000
119.000
159.000
136.000
115.000
110.000
118.000
158.000
130.000
135.000
107.000
111.000
149.000
190.000
110.000
118.000
99.000
138.000
180.000
134.000
112.000
119.000
159.000
132.000
139.000
111.000
119.000
159.000
131.000
138.000
111.000
118.000
157.000
129.000
135.000
103.000
112.000
151.000
192.000
119.000
125.000
101.000
140.000
180.000
106.000
112.000
119.000
160.000
130.000
136.000
112.000
117.000
158.000
138.000
114.000
111.000
118.000
158.000
129.000
137.000
107.000
110.000
149.000
190.000
115.000
124.000
96.000
135.000
175.000
99.000
110.000
119.000
159.000
132.000
139.000
111.000
119.000
159.000
132.000
138.000
113.000
118.000
158.000
130.000
101.000
107.000
109.000
149.000
190.000
115.000
90.000
97.000
136.000
176.000
119.000
113.000
118.000
159.000
131.000
137.000
117.000
117.000
158.000
131.000
138.000
115.000
116.000
156.000
127.000
134.000
104.000
109.000
150.000
190.000
111.000
93.000
101.000
140.000
99.000
107.000
115.000
129.000
173.000
152.000
137.000
111.000
118.000
158.000
131.000
103.000
108.000
149.000
123.000
127.000
98.000
106.000
148.000
115.000
156.000
117.000
124.000
134.000
108.000
147.000
129.000
109.000
150.000
123.000
130.000
136.000
109.000
150.000
124.000
132.000
135.000
108.000
150.000
127.000
127.000
133.000
105.000
147.000
114.000
156.000
116.000
93.000
133.000
107.000
147.000
125.000
113.000
153.000
126.000
130.000
136.000
111.000
152.000
125.000
131.000
138.000
109.000
150.000
122.000
127.000
131.000
104.000
145.000
115.000
154.000
106.000
112.000
135.000
106.000
148.000
132.000
113.000
152.000
126.000
132.000
105.000
112.000
151.000
124.000
131.000
141.000
109.000
150.000
122.000
130.000
134.000
105.000
147.000
124.000
169.000
104.000
111.000
132.000
104.000
144.000
118.000
111.000
152.000
124.000
130.000
136.000
110.000
151.000
125.000
131.000
139.000
109.000
150.000
121.000
127.000
132.000
102.000
144.000
112.000
152.000
122.000
96.000
136.000
109.000
115.000
102.000
110.000
151.000
123.000
131.000
136.000
110.000
151.000
124.000
131.000
138.000
108.000
149.000
119.000
127.000
131.000
102.000
143.000
113.000
154.000
113.000
121.000
132.000
103.000
143.000
128.000
109.000
150.000
124.000
130.000
137.000
110.000
151.000
123.000
131.000
105.000
109.000
151.000
122.000
127.000
98.000
104.000
144.000
114.000
154.000
110.000
91.000
132.000
104.000
144.000
119.000
109.000
150.000
124.000
138.000
116.000
109.000
150.000
123.000
130.000
105.000
108.000
149.000
127.000
126.000
135.000
105.000
145.000
115.000
157.000
119.000
120.000
132.000
104.000
144.000
117.000
108.000
149.000
124.000
131.000
136.000
109.000
150.000
124.000
130.000
102.000
108.000
148.000
120.000
123.000
97.000
102.000
144.000
113.000
153.000
103.000
90.000
130.000
119.000
125.000
100.000
106.000
113.000
120.000
125.000
165.000
106.000
112.000
115.000
123.000
164.000
101.000
108.000
112.000
153.000
98.000
87.000
102.000
106.000
101.000
141.000
106.000
112.000
119.000
124.000
99.000
105.000
114.000
120.000
160.000
98.000
106.000
112.000
118.000
158.000
130.000
101.000
107.000
111.000
151.000
192.000
122.000
101.000
107.000
147.000
120.000
95.000
101.000
107.000
148.000
121.000
95.000
102.000
107.000
147.000
119.000
94.000
100.000
105.000
145.000
84.000
88.000
96.000
100.000
140.000
180.000
118.000
101.000
106.000
147.000
88.000
100.000
101.000
107.000
148.000
127.000
104.000
102.000
105.000
145.000
119.000
93.000
98.000
104.000
149.000
94.000
90.000
103.000
104.000
144.000
184.000
119.000
101.000
108.000
148.000
87.000
93.000
100.000
108.000
148.000
88.000
95.000
101.000
106.000
147.000
87.000
94.000
104.000
103.000
144.000
83.000
90.000
100.000
100.000
140.000
181.000
124.000
126.000
105.000
145.000
84.000
91.000
98.000
103.000
143.000
118.000
92.000
99.000
102.000
142.000
115.000
88.000
94.000
101.000
141.000
117.000
92.000
98.000
108.000
143.000
184.000
121.000
128.000
107.000
147.000
87.000
94.000
101.000
107.000
147.000
121.000
95.000
102.000
106.000
146.000
119.000
92.000
99.000
102.000
143.000
117.000
87.000
96.000
100.000
141.000
180.000
117.000
100.000
106.000
146.000
120.000
95.000
101.000
107.000
148.000
124.000
92.000
100.000
106.000
147.000
120.000
91.000
94.000
100.000
140.000
84.000
92.000
98.000
104.000
144.000
184.000
121.000
100.000
112.000
147.000
88.000
96.000
101.000
107.000
147.000
88.000
94.000
102.000
107.000
152.000
129.000
93.000
100.000
110.000
155.000
83.000
88.000
95.000
100.000
140.000
180.000
121.000
99.000
107.000
147.000
121.000
96.000
102.000
108.000
153.000
97.000
94.000
104.000
106.000
147.000
118.000
91.000
98.000
103.000
144.000
123.000
91.000
99.000
109.000
143.000
184.000
123.000
130.000
105.000
145.000
86.000
91.000
100.000
105.000
146.000
119.000
92.000
99.000
105.000
146.000
118.000
90.000
97.000
103.000
144.000
81.000
87.000
94.000
100.000
140.000
180.000
119.000
99.000
105.000
145.000
102.000
109.000
112.000
125.000
170.000
115.000
112.000
120.000
124.000
165.000
138.000
111.000
116.000
123.000
163.000
103.000
107.000
110.000
118.000
158.000
199.000
124.000
130.000
108.000
148.000
109.000
116.000
114.000
127.000
167.000
106.000
112.000
118.000
127.000
167.000
139.000
112.000
119.000
127.000
167.000
137.000
105.000
114.000
117.000
157.000
197.000
123.000
100.000
106.000
147.000
109.000
137.000
117.000
127.000
168.000
137.000
111.000
119.000
126.000
166.000
105.000
111.000
118.000
122.000
161.000
137.000
107.000
114.000
117.000
157.000
198.000
121.000
128.000
107.000
148.000
125.000
139.000
120.000
127.000
167.000
142.000
114.000
119.000
160.000
132.000
138.000
118.000
127.000
172.000
129.000
102.000
107.000
116.000
155.000
122.000
162.000
124.000
100.000
141.000
121.000
124.000
132.000
120.000
166.000
134.000
137.000
146.000
120.000
160.000
132.000
141.000
111.000
117.000
158.000
128.000
100.000
106.000
113.000
154.000
121.000
161.000
126.000
100.000
140.000
115.000
125.000
141.000
117.000
158.000
132.000
138.000
113.000
123.000
159.000
130.000
139.000
112.000
120.000
156.000
129.000
100.000
107.000
111.000
152.000
120.000
159.000
115.000
107.000
150.000
115.000
123.000
130.000
116.000
157.000
130.000
136.000
110.000
117.000
157.000
130.000
136.000
112.000
116.000
156.000
128.000
132.000
107.000
112.000
152.000
121.000
161.000
114.000
100.000
140.000
115.000
122.000
129.000
118.000
159.000
132.000
103.000
109.000
117.000
157.000
132.000
104.000
111.000
116.000
160.000
128.000
135.000
107.000
112.000
152.000
121.000
161.000
117.000
101.000
140.000
113.000
110.000
115.000
120.000
161.000
134.000
141.000
112.000
119.000
160.000
133.000
136.000
112.000
119.000
159.000
130.000
135.000
107.000
112.000
153.000
121.000
162.000
116.000
101.000
146.000
124.000
123.000
123.000
118.000
126.000
99.000
104.000
144.000
115.000
113.000
106.000
114.000
124.000
130.000
136.000
110.000
116.000
122.000
129.000
135.000
107.000
115.000
121.000
127.000
133.000
105.000
112.000
116.000
120.000
128.000
99.000
105.000
146.000
134.000
124.000
100.000
110.000
116.000
124.000
131.000
104.000
110.000
116.000
123.000
130.000
102.000
109.000
115.000
120.000
127.000
103.000
106.000
112.000
119.000
124.000
97.000
102.000
143.000
132.000
123.000
102.000
109.000
116.000
123.000
130.000
103.000
111.000
116.000
121.000
135.000
103.000
108.000
114.000
122.000
127.000
100.000
106.000
112.000
118.000
124.000
97.000
102.000
143.000
123.000
110.000
102.000
115.000
114.000
128.000
129.000
105.000
108.000
114.000
120.000
127.000
100.000
107.000
113.000
119.000
126.000
99.000
105.000
111.000
116.000
123.000
96.000
101.000
141.000
128.000
121.000
101.000
109.000
115.000
122.000
129.000
102.000
109.000
114.000
121.000
128.000
102.000
107.000
114.000
121.000
127.000
99.000
106.000
112.000
117.000
123.000
95.000
102.000
143.000
129.000
123.000
101.000
108.000
116.000
122.000
96.000
103.000
109.000
115.000
121.000
161.000
121.000
115.000
132.000
143.000
117.000
124.000
131.000
137.000
144.000
185.000
124.000
131.000
170.000
150.000
158.000
113.000
121.000
127.000
135.000
104.000
111.000
114.000
117.000
123.000
163.000
117.000
146.000
134.000
141.000
115.000
122.000
130.000
136.000
142.000
115.000
122.000
128.000
168.000
122.000
131.000
109.000
118.000
126.000
132.000
102.000
109.000
113.000
125.000
123.000
163.000
121.000
128.000
137.000
144.000
117.000
123.000
131.000
138.000
144.000
123.000
123.000
130.000
171.000
124.000
133.000
110.000
119.000
127.000
134.000
175.000
117.000
115.000
118.000
123.000
163.000
113.000
113.000
136.000
142.000
183.000
123.000
129.000
137.000
143.000
184.000
124.000
131.000
171.000
122.000
133.000
110.000
126.000
128.000
133.000
175.000
120.000
116.000
120.000
123.000
164.000
115.000
108.000
135.000
141.000
115.000
122.000
128.000
135.000
142.000
181.000
122.000
128.000
169.000
123.000
131.000
108.000
117.000
126.000
131.000
102.000
109.000
113.000
117.000
121.000
162.000
113.000
108.000
136.000
143.000
116.000
124.000
131.000
137.000
144.000
184.000
123.000
131.000
171.000
126.000
134.000
111.000
120.000
127.000
132.000
172.000
110.000
115.000
119.000
123.000
164.000
131.000
113.000
137.000
143.000
118.000
128.000
132.000
138.000
144.000
118.000
125.000
132.000
173.000
125.000
132.000
112.000
121.000
129.000
134.000
174.000
111.000
116.000
120.000
124.000
164.000
134.000
101.000
119.000
134.000
177.000
124.000
125.000
132.000
138.000
112.000
120.000
124.000
164.000
128.000
136.000
110.000
117.000
124.000
128.000
169.000
107.000
113.000
115.000
122.000
162.000
131.000
105.000
117.000
134.000
174.000
118.000
129.000
129.000
135.000
175.000
116.000
122.000
162.000
97.000
137.000
111.000
116.000
122.000
128.000
171.000
114.000
122.000
132.000
119.000
99.000
133.000
94.000
114.000
132.000
172.000
115.000
123.000
129.000
136.000
110.000
115.000
122.000
162.000
117.000
125.000
106.000
