92.000
112.000
94.000
101.000
141.000
115.000
122.000
95.000
100.000
141.000
115.000
121.000
127.000
97.000
137.000
115.000
116.000
156.000
99.000
95.000
101.000
107.000
114.000
116.000
87.000
93.000
99.000
71.000
112.000
83.000
91.000
100.000
108.000
116.000
88.000
95.000
101.000
108.000
116.000
88.000
94.000
101.000
142.000
101.000
93.000
100.000
106.000
80.000
121.000
93.000
103.000
106.000
78.000
119.000
91.000
98.000
105.000
79.000
120.000
91.000
106.000
115.000
76.000
120.000
96.000
110.000
100.000
140.000
85.000
91.000
98.000
109.000
112.000
117.000
90.000
100.000
103.000
81.000
118.000
91.000
97.000
103.000
76.000
116.000
93.000
103.000
102.000
109.000
114.000
87.000
92.000
102.000
146.000
113.000
91.000
98.000
105.000
112.000
119.000
90.000
97.000
105.000
79.000
119.000
90.000
98.000
105.000
112.000
118.000
97.000
95.000
102.000
108.000
114.000
91.000
102.000
100.000
144.000
101.000
93.000
98.000
105.000
112.000
119.000
92.000
99.000
105.000
78.000
118.000
90.000
101.000
106.000
77.000
117.000
89.000
96.000
103.000
76.000
115.000
87.000
93.000
99.000
139.000
101.000
93.000
103.000
107.000
114.000
120.000
100.000
100.000
106.000
117.000
126.000
93.000
98.000
105.000
112.000
119.000
92.000
95.000
102.000
110.000
117.000
91.000
97.000
104.000
144.000
105.000
92.000
98.000
105.000
112.000
119.000
92.000
99.000
106.000
112.000
120.000
90.000
97.000
104.000
77.000
118.000
90.000
96.000
103.000
109.000
116.000
88.000
95.000
99.000
140.000
87.000
94.000
100.000
107.000
80.000
120.000
92.000
99.000
106.000
79.000
119.000
93.000
99.000
107.000
79.000
120.000
92.000
98.000
104.000
111.000
115.000
88.000
93.000
99.000
140.000
101.000
91.000
98.000
105.000
113.000
117.000
92.000
101.000
112.000
111.000
117.000
95.000
98.000
104.000
77.000
121.000
98.000
96.000
103.000
109.000
115.000
86.000
92.000
99.000
139.000
104.000
93.000
104.000
106.000
84.000
121.000
92.000
100.000
106.000
112.000
119.000
92.000
99.000
107.000
113.000
119.000
91.000
97.000
104.000
111.000
116.000
92.000
94.000
104.000
148.000
100.000
93.000
98.000
106.000
112.000
119.000
92.000
99.000
104.000
115.000
125.000
91.000
98.000
107.000
77.000
117.000
90.000
96.000
101.000
106.000
114.000
87.000
92.000
99.000
139.000
100.000
92.000
98.000
105.000
112.000
117.000
92.000
97.000
104.000
78.000
119.000
91.000
97.000
103.000
77.000
117.000
90.000
97.000
101.000
74.000
113.000
95.000
109.000
100.000
144.000
106.000
91.000
99.000
110.000
113.000
154.000
112.000
110.000
124.000
132.000
106.000
112.000
117.000
125.000
131.000
103.000
111.000
116.000
123.000
128.000
102.000
108.000
116.000
122.000
162.000
76.000
91.000
100.000
107.000
112.000
154.000
86.000
106.000
122.000
129.000
102.000
108.000
115.000
122.000
130.000
102.000
109.000
114.000
120.000
127.000
100.000
107.000
112.000
120.000
160.000
91.000
88.000
100.000
108.000
114.000
154.000
117.000
103.000
122.000
129.000
103.000
109.000
116.000
122.000
129.000
102.000
108.000
115.000
122.000
128.000
100.000
107.000
110.000
117.000
157.000
73.000
91.000
100.000
107.000
114.000
155.000
116.000
102.000
122.000
130.000
103.000
108.000
115.000
122.000
129.000
103.000
109.000
115.000
121.000
127.000
99.000
106.000
113.000
117.000
64.000
68.000
92.000
100.000
107.000
113.000
154.000
115.000
108.000
123.000
130.000
104.000
110.000
116.000
123.000
130.000
103.000
111.000
116.000
121.000
128.000
100.000
109.000
111.000
118.000
159.000
100.000
92.000
99.000
107.000
115.000
155.000
104.000
107.000
123.000
129.000
103.000
109.000
117.000
123.000
130.000
104.000
109.000
117.000
122.000
127.000
101.000
105.000
112.000
118.000
158.000
61.000
79.000
100.000
106.000
112.000
153.000
120.000
107.000
124.000
131.000
104.000
111.000
119.000
124.000
130.000
104.000
110.000
117.000
124.000
131.000
104.000
109.000
115.000
121.000
161.000
95.000
90.000
101.000
108.000
114.000
155.000
116.000
