93.000
97.000
137.000
108.000
115.000
121.000
126.000
78.000
86.000
106.000
112.000
112.000
120.000
116.000
125.000
137.000
113.000
157.000
115.000
123.000
130.000
101.000
141.000
117.000
122.000
93.000
99.000
139.000
111.000
117.000
90.000
126.000
167.000
131.000
102.000
108.000
100.000
94.000
107.000
120.000
125.000
132.000
106.000
111.000
119.000
126.000
134.000
105.000
112.000
118.000
90.000
130.000
103.000
109.000
113.000
84.000
124.000
164.000
96.000
93.000
110.000
102.000
94.000
107.000
120.000
91.000
131.000
109.000
120.000
118.000
124.000
132.000
107.000
124.000
133.000
143.000
130.000
101.000
107.000
112.000
119.000
122.000
162.000
106.000
98.000
114.000
108.000
96.000
107.000
121.000
92.000
133.000
106.000
113.000
120.000
125.000
131.000
103.000
110.000
115.000
88.000
129.000
100.000
106.000
112.000
120.000
123.000
167.000
106.000
90.000
111.000
102.000
93.000
111.000
118.000
92.000
132.000
106.000
112.000
117.000
124.000
131.000
103.000
113.000
124.000
88.000
128.000
102.000
112.000
123.000
120.000
121.000
163.000
102.000
103.000
110.000
103.000
82.000
111.000
126.000
124.000
135.000
104.000
115.000
117.000
126.000
130.000
107.000
116.000
116.000
89.000
130.000
101.000
107.000
112.000
83.000
124.000
164.000
121.000
104.000
110.000
104.000
95.000
108.000
119.000
125.000
132.000
110.000
119.000
119.000
126.000
131.000
104.000
111.000
117.000
90.000
130.000
102.000
108.000
113.000
82.000
122.000
163.000
99.000
97.000
112.000
103.000
96.000
108.000
126.000
102.000
131.000
104.000
110.000
117.000
123.000
131.000
103.000
110.000
115.000
122.000
127.000
98.000
106.000
112.000
83.000
123.000
164.000
99.000
97.000
114.000
108.000
106.000
109.000
119.000
92.000
131.000
106.000
112.000
119.000
92.000
131.000
103.000
119.000
117.000
90.000
130.000
100.000
108.000
111.000
82.000
123.000
163.000
103.000
129.000
118.000
124.000
104.000
110.000
119.000
94.000
138.000
104.000
114.000
118.000
124.000
131.000
103.000
111.000
116.000
89.000
130.000
100.000
108.000
111.000
84.000
124.000
167.000
97.000
93.000
111.000
101.000
93.000
107.000
118.000
125.000
131.000
104.000
113.000
118.000
125.000
130.000
103.000
110.000
116.000
89.000
128.000
100.000
107.000
112.000
118.000
123.000
164.000
99.000
96.000
111.000
101.000
95.000
107.000
119.000
92.000
133.000
106.000
113.000
120.000
127.000
131.000
105.000
115.000
117.000
89.000
129.000
100.000
108.000
113.000
119.000
122.000
164.000
102.000
98.000
114.000
104.000
96.000
109.000
119.000
126.000
133.000
109.000
112.000
122.000
134.000
143.000
104.000
111.000
117.000
123.000
129.000
101.000
108.000
113.000
84.000
123.000
164.000
98.000
95.000
111.000
83.000
88.000
97.000
104.000
111.000
83.000
90.000
96.000
104.000
109.000
82.000
88.000
96.000
102.000
108.000
81.000
87.000
93.000
98.000
105.000
78.000
118.000
105.000
101.000
113.000
85.000
91.000
100.000
106.000
114.000
85.000
93.000
99.000
106.000
112.000
85.000
92.000
97.000
104.000
111.000
84.000
90.000
95.000
102.000
108.000
79.000
119.000
95.000
92.000
112.000
84.000
90.000
99.000
105.000
109.000
83.000
90.000
97.000
103.000
109.000
82.000
89.000
94.000
101.000
106.000
81.000
88.000
93.000
99.000
106.000
79.000
120.000
105.000
101.000
113.000
85.000
93.000
101.000
107.000
112.000
85.000
93.000
100.000
105.000
113.000
84.000
91.000
96.000
102.000
109.000
83.000
87.000
95.000
102.000
107.000
80.000
123.000
102.000
106.000
117.000
161.000
103.000
100.000
108.000
111.000
85.000
92.000
99.000
104.000
111.000
83.000
95.000
96.000
102.000
109.000
83.000
88.000
96.000
101.000
109.000
82.000
122.000
103.000
107.000
112.000
85.000
93.000
101.000
106.000
111.000
89.000
93.000
103.000
114.000
111.000
86.000
95.000
98.000
103.000
110.000
83.000
90.000
95.000
101.000
108.000
80.000
120.000
105.000
109.000
129.000
177.000
91.000
98.000
105.000
112.000
89.000
93.000
99.000
107.000
112.000
85.000
90.000
99.000
111.000
