161.000
101.000
108.000
112.000
119.000
159.000
97.000
138.000
118.000
108.000
82.000
88.000
96.000
101.000
92.000
132.000
91.000
113.000
116.000
123.000
101.000
112.000
110.000
117.000
126.000
170.000
114.000
107.000
115.000
119.000
92.000
98.000
138.000
123.000
130.000
138.000
88.000
98.000
107.000
96.000
140.000
113.000
109.000
116.000
123.000
96.000
104.000
111.000
118.000
124.000
97.000
102.000
110.000
116.000
122.000
95.000
100.000
141.000
99.000
94.000
134.000
92.000
95.000
100.000
84.000
124.000
97.000
107.000
115.000
121.000
162.000
106.000
117.000
127.000
120.000
161.000
101.000
107.000
113.000
120.000
163.000
106.000
150.000
107.000
101.000
80.000
89.000
97.000
102.000
93.000
132.000
101.000
116.000
128.000
138.000
97.000
103.000
114.000
117.000
122.000
162.000
104.000
109.000
115.000
121.000
161.000
101.000
141.000
100.000
98.000
84.000
90.000
94.000
99.000
83.000
123.000
99.000
109.000
116.000
123.000
163.000
103.000
114.000
117.000
122.000
162.000
107.000
116.000
114.000
121.000
92.000
98.000
138.000
117.000
101.000
80.000
88.000
94.000
100.000
87.000
127.000
94.000
107.000
118.000
121.000
162.000
103.000
108.000
115.000
122.000
95.000
102.000
107.000
113.000
119.000
92.000
97.000
138.000
101.000
97.000
137.000
88.000
93.000
98.000
139.000
110.000
83.000
87.000
93.000
132.000
73.000
81.000
87.000
94.000
134.000
107.000
81.000
87.000
102.000
134.000
74.000
85.000
129.000
103.000
113.000
93.000
104.000
115.000
102.000
142.000
80.000
88.000
94.000
101.000
140.000
84.000
87.000
94.000
100.000
147.000
91.000
100.000
91.000
97.000
137.000
110.000
85.000
122.000
103.000
109.000
83.000
89.000
95.000
102.000
142.000
80.000
88.000
94.000
100.000
140.000
113.000
87.000
93.000
104.000
141.000
113.000
90.000
92.000
98.000
139.000
76.000
82.000
122.000
122.000
136.000
82.000
89.000
96.000
101.000
140.000
114.000
88.000
98.000
101.000
141.000
118.000
88.000
95.000
101.000
141.000
113.000
86.000
96.000
97.000
137.000
80.000
90.000
134.000
131.000
121.000
79.000
86.000
93.000
98.000
138.000
111.000
85.000
92.000
102.000
146.000
112.000
86.000
93.000
98.000
138.000
111.000
88.000
98.000
111.000
135.000
74.000
82.000
123.000
118.000
125.000
81.000
90.000
97.000
99.000
140.000
114.000
89.000
95.000
101.000
142.000
82.000
89.000
94.000
101.000
141.000
114.000
86.000
90.000
98.000
138.000
75.000
83.000
124.000
116.000
124.000
81.000
87.000
95.000
99.000
140.000
80.000
87.000
94.000
100.000
140.000
79.000
86.000
92.000
99.000
139.000
111.000
85.000
92.000
96.000
135.000
109.000
81.000
121.000
119.000
125.000
116.000
88.000
95.000
101.000
142.000
116.000
87.000
94.000
102.000
142.000
115.000
88.000
95.000
99.000
140.000
79.000
87.000
92.000
98.000
137.000
110.000
82.000
122.000
119.000
125.000
116.000
89.000
95.000
101.000
141.000
81.000
89.000
94.000
100.000
141.000
114.000
87.000
93.000
101.000
141.000
113.000
85.000
90.000
96.000
137.000
75.000
82.000
122.000
97.000
104.000
80.000
87.000
93.000
99.000
139.000
112.000
86.000
93.000
99.000
140.000
78.000
86.000
92.000
97.000
137.000
114.000
91.000
102.000
96.000
135.000
75.000
80.000
121.000
122.000
125.000
81.000
89.000
99.000
108.000
152.000
130.000
87.000
95.000
106.000
150.000
93.000
88.000
94.000
101.000
141.000
112.000
85.000
91.000
98.000
138.000
109.000
82.000
122.000
100.000
107.000
113.000
87.000
93.000
100.000
140.000
79.000
87.000
93.000
100.000
141.000
114.000
87.000
92.000
97.000
137.000
111.000
82.000
90.000
99.000
139.000
111.000
86.000
125.000
90.000
96.000
79.000
88.000
95.000
102.000
145.000
121.000
88.000
93.000
100.000
141.000
80.000
86.000
94.000
99.000
140.000
79.000
86.000
92.000
97.000
137.000
76.000
82.000
122.000
118.000
125.000
115.000
89.000
95.000
101.000
142.000
114.000
88.000
94.000
100.000
140.000
113.000
91.000
94.000
102.000
142.000