136.000
147.000
161.000
177.000
152.000
192.000
143.000
134.000
173.000
113.000
118.000
126.000
132.000
105.000
145.000
113.000
116.000
123.000
163.000
99.000
140.000
90.000
122.000
162.000
117.000
124.000
131.000
137.000
177.000
150.000
125.000
160.000
134.000
174.000
113.000
118.000
126.000
132.000
172.000
141.000
113.000
119.000
122.000
163.000
131.000
138.000
133.000
116.000
156.000
117.000
125.000
131.000
138.000
178.000
150.000
123.000
143.000
136.000
176.000
113.000
118.000
126.000
133.000
180.000
109.000
112.000
121.000
123.000
163.000
132.000
138.000
134.000
129.000
170.000
117.000
125.000
131.000
138.000
177.000
151.000
127.000
161.000
137.000
177.000
115.000
118.000
126.000
131.000
106.000
107.000
114.000
118.000
122.000
163.000
135.000
145.000
101.000
137.000
170.000
118.000
124.000
131.000
137.000
177.000
150.000
118.000
150.000
135.000
176.000
115.000
118.000
126.000
131.000
171.000
107.000
113.000
119.000
123.000
163.000
98.000
138.000
101.000
128.000
168.000
117.000
125.000
130.000
138.000
178.000
150.000
126.000
160.000
135.000
175.000
113.000
119.000
126.000
132.000
173.000
108.000
112.000
119.000
160.000
128.000
98.000
139.000
91.000
132.000
135.000
116.000
123.000
129.000
169.000
143.000
150.000
126.000
127.000
167.000
141.000
147.000
120.000
126.000
166.000
136.000
105.000
111.000
116.000
157.000
129.000
96.000
137.000
93.000
133.000
142.000
117.000
124.000
130.000
170.000
144.000
149.000
117.000
121.000
161.000
