1740759588642
1740759588340
1740759588742
1740759588442
1740759588775
1740759588543
1740759588946
1740759588647
1740759589048
1740759588750
1740759589151
1740759588854
1740759589256
1740759588920
1740759589328
1740759589033
1740759589448
1740759589133
1740759589526
1740759589235
1740759589639
1740759589335
1740759589741
1740759589435
1740759589774
1740759589536
1740759589944
1740759589642
1740759589977
1740759589746
1740759590152
1740759589848
1740759590254
1740759589919
1740759590326
1740759590033
1740759590422
1740759590133
1740759590542
1740759590232
1740759590645
1740759590334
1740759590744
1740759590437
1740759590845
1740759590538
1740759590948
1740759590640
1740759591016
1740759590744
1740759591152
1740759590851
1740759591254
1740759590920
1740759591326
1740759591007
1740759591417
1740759591138
1740759591529
1740759591238
1740759591609
1740759591339
1740759591743
1740759591442
1740759591811
1740759591541
1740759591945
1740759591646
1740759592016
1740759591749
1740759592152
1740759591853
1740759592256
1740759591921
1740759592327
1740759592039
1740759592418
1740759592141
1740759592539
1740759592241
1740759592610
1740759592342
1740759592745
1740759592443
1740759592845
1740759592543
1740759592948
1740759592647
1740759593016
1740759592751
1740759593154
1740759592852
1740759593256
1740759592921
1740759593327
1740759593011
1740759593428
1740759593140
1740759593539
1740759593241
1740759593616
1740759593342
1740759593745
1740759593443
1740759593845
1740759593543
1740759593948
1740759593647
1740759594015
1740759593749
1740759594120
1740759593853
1740759594256
1740759593922
1740759594327
1740759594040
1740759594140
1740759594421
1740759594536
1740759594240
1740759594609
1740759594343
1740759594710
1740759594409
