1740760234561
1740760234667
1740760234769
1740760234859
1740760234959
1740760235114
1740760235170
1740760235259
1740760235367
1740760235459
1740760235565
1740760235662
1740760235771
1740760235861
1740760235959
1740760235906
1740760236060
1740760236001
1740760236165
1740760236105
1740760236265
1740760236201
1740760236361
1740760236395
1740760236462
1740760236395
1740760236562
1740760236500
1740760236666
1740760236695
1740760236769
1740760236796
1740760236861
1740760236796
1740760236960
1740760236897
1740760237061
1740760237039
1740760237167
1740760237200
1740760237266
1740760237200
1740760237362
1740760237391
1740760237462
1740760237499
1740760237462
1740760237499
1740760237669
1740760237693
1740760237767
1740760237796
1740760237870
1740760237897
1740760237959
1740760237998
1740760238063
1740760237998
1740760238168
1740760238200
1740760238262
1740760238200
1740760238363
1740760238394
1740760238463
1740760238495
1740760238564
1740760238596
1740760238668
1740760238700
1740760238770
1740760238796
1740760238861
1740760238896
1740760238960
1740760238998
1740760239060
1740760239103
1740760239164
1740760239205
1740760239268
1740760239205
1740760239362
1740760239394
1740760239462
1740760239394
1740760239563
1740760239595
1740760239666
1740760239702
1740760239770
1740760239794
1740760239871
1740760239899
1740760239961
1740760239997
1740760240111
1740760239997
1740760240173
1740760240207
1740760240261
1740760240207
1740760240364
1740760240393
1740760240461
1740760240497
1740760240563
1740760240598
1740760240669
1740760240702
1740760240770
1740760240797
1740760240863
1740760240898
1740760240962
1740760240999
1740760241063
1740760241106
1740760241169
1740760241207
1740760241270
1740760241207
1740760241364
1740760241395
1740760241464
1740760241497
1740760241564
1740760241599
1740760241669
1740760241702
1740760241771
1740760241797
1740760241866
1740760241898
1740760241960
1740760241898
1740760242061
1740760242106
1740760242164
1740760242202
1740760242267
1740760242202
1740760242362
1740760242392
1740760242462
1740760242499
1740760242462
1740760242499
1740760242664
1740760242701
1740760242762
1740760242794
1740760242862
1740760242897
1740760242954
1740760242998
1740760243057
1740760243104
1740760243162
1740760243205
1740760243258
1740760243205
1740760243360
1740760243395
1740760243461
1740760243496
1740760243562
1740760243598
1740760243666
1740760243700
1740760243771
1740760243796
1740760243861
1740760243898
1740760243961
1740760243999
1740760244061
1740760244103
1740760244166
1740760244205
1740760244267
1740760244205
1740760244362
1740760244395
1740760244462
1740760244395
1740760277497
1740760277420
1740760277497
1740760277523
1740760277701
1740760277627
1740760277805
1740760277722
1740760277805
1740760277823
1740760277992
1740760277925
1740760278094
1740760278029
1740760278193
1740760278131
1740760278301
1740760278229
1740760278394
1740760278351
1740760278498
1740760278419
1740760278597
1740760278525
1740760278704
1740760278624
1740760278804
1740760278722
1740760278896
1740760278823
1740760278996
1740760278924
1740760279096
1740760279031
1740760279202
1740760279139
1740760279297
1740760279229
1740760279397
1740760279350
1740760279498
1740760279419
1740760279601
1740760279561
1740760279702
1740760279627
1740760279804
1740760279724
1740760279901
1740760279824
1740760279996
1740760279925
1740760279996
1740760280033
1740760280198
1740760280138
1740760280290
1740760280236
1740760280398
1740760280357
1740760280492
1740760280425
1740760280600
1740760280530
1740760280698
1740760280631
1740760280803
1740760280728
1740760280896
1740760280830
1740760280997
1740760280931
1740760281101
1740760281035
1740760281202
1740760281141
1740760281298
1740760281236
1740760281397
1740760281356
1740760281497
1740760281425
1740760281600
1740760281539
1740760281703
1740760281630
1740760281703
1740760281728
1740760281901
1740760281829
1740760281996
1740760281930
1740760282101
1740760282078
1740760282201
1740760282145
1740760282296
1740760282237
1740760282397
1740760282358
1740760282497
1740760282426
1740760282497
1740760282532
1740760282699
1740760282632
1740760282729
1740760282797
1740760282897
1740760282830
1740760282991
1740760282931
1740760283098
1740760283036
1740760283194
1740760283138
1740760283298
1740760283236
1740760283395
1740760283357
1740760283497
1740760283426
1740760283603
1740760283531
1740760283702
1740760283630
1740760283804
1740760283729
1740760283829
1740760283901
1740760283931
1740760283996
1740760284101
1740760284036
1740760284201
1740760284137
1740760284296
1740760284236
1740760284397
1740760284357
1740760284497
1740760284434
1740760284603
1740760284567
1740760284703
1740760284626
1740760284804
1740760284733
1740760284896
1740760284830
1740760284996
1740760284930
1740760284996
1740760285035
1740760285199
1740760285138
1740760285290
1740760285236
1740760285398
1740760285357
1740760285491
1740760285425
1740760285598
1740760285530
1740760285694
1740760285630
1740760285803
1740760285728
1740760285901
1740760285830
1740760285997
1740760285931
1740760286103
1740760286035
1740760286202
1740760286138
1740760286298
1740760286236
1740760286396
1740760286365
1740760286497
1740760286424
1740760286603
1740760286528
1740760286630
1740760286703
1740760286804
1740760286727
1740760286896
1740760286828
1740760286996
1740760286930
1740760287101
1740760287073
1740760287201
1740760287144
1740760287296
1740760287236
1740760287397
1740760287359
1740760287498
1740760287425
1740760287498
1740760287530
1740760287699
1740760287630
1740760287798
1740760287728
1740760287896
1740760287829
1740760287991
1740760287931
1740760288098
1740760288034
1740760288138
1740760288199
1740760288294
1740760288236
1740760288396
1740760288357
1740760288497
1740760288425
1740760288602
1740760288531
1740760288702
1740760288630
