428.000 21723
403.000 19983
410.000 19142
418.000 19966
428.000 19996
428.000 19989
401.000 20015
441.000 20016
448.000 19999
455.000 19993
427.000 20854
400.000 19136
408.000 17427
413.000 18284
420.000 17402
425.000 19123
399.000 17413
404.000 17403
445.000 17401
424.000 15694
431.000 15702
404.000 15708
410.000 15701
416.000 15710
423.000 15712
427.000 15699
402.000 15688
409.000 15722
418.000 15719
423.000 15708
427.000 15687
402.000 16553
442.000 16551
451.000 16553
422.000 17421
427.000 17438
401.000 19142
408.000 17418
413.000 18276
419.000 18294
459.000 18294
398.000 19151
407.000 18299
444.000 18295
432.000 17429
439.000 17448
410.000 19159
414.000 18290
420.000 17432
426.000 17436
466.000 17441
432.000 17435
439.000 17431
434.000 17443
442.000 16562
481.000 17398
422.000 16569
462.000 16572
433.000 15685
474.000 15690
479.000 16567
418.000 15723
425.000 16567
433.000 16591
440.000 16577
479.000 16573
419.000 16559
421.000 16560
461.000 16564
419.000 19125
428.000 19153
407.000 19131
411.000 19137
418.000 18277
421.000 18273
462.000 18275
422.000 17420
428.000 16559
435.000 18301
442.000 19163
483.000 19161
421.000 18281
461.000 18284
437.000 18278
439.000 18291
479.000 18288
430.000 19146
428.000 20006
429.000 19130
425.000 20013
399.000 19986
407.000 20875
409.000 19997
456.000 19996
409.000 17436
416.000 17443
396.000 15702
435.000 16565
406.000 14848
409.000 15716
449.000 15720
410.000 13993
416.000 15710
423.000 16565
429.000 16572
469.000 17433
410.000 16554
416.000 16567
422.000 16557
427.000 15723
467.000 15722
407.000 15726
446.000 15727
421.000 16576
425.000 17432
398.000 18282
405.000 18284
411.000 17432
450.000 17430
406.000 19141
414.000 19146
397.000 18286
400.000 18294
406.000 18267
410.000 17422
451.000 17421
410.000 18280
415.000 18284
421.000 18284
428.000 18290
468.000 18291
409.000 18280
448.000 19133
421.000 19133
426.000 19149
466.000 20014
411.000 20025
413.000 20009
420.000 20020
461.000 20018
464.000 20009
437.000 20029
410.000 19117
449.000 19125
407.000 17426
420.000 20868
395.000 20013
434.000 20022
407.000 20874
410.000 20030
454.000 20886
432.000 19997
413.000 20868
424.000 20004
431.000 20006
470.000 19999
410.000 19983
451.000 19983
455.000 19164
428.000 18291
468.000 18290
407.000 18298
447.000 18298
421.000 19130
426.000 20014
399.000 19145
407.000 19142
411.000 19142
452.000 19145
416.000 18266
424.000 18280
393.000 18278
399.000 19134
406.000 18297
410.000 17429
450.000 17430
410.000 18279
415.000 18265
423.000 18268
429.000 18285
469.000 18288
410.000 18263
449.000 19118
421.000 19141
427.000 16561
467.000 16563
406.000 16573
413.000 17441
419.000 18287
426.000 17428
396.000 16567
405.000 17436
409.000 17405
450.000 18265
411.000 17417
420.000 17422
395.000 19157
400.000 19151
407.000 19152
410.000 18294
450.000 19148
410.000 19138
412.000 18289
421.000 18300
428.000 18296
468.000 18295
409.000 18300
449.000 18307
423.000 17408
429.000 17418
468.000 17421
409.000 17426
413.000 17434
419.000 17424
426.000 17424
466.000 17427
404.000 16546
408.000 18298
448.000 18297
411.000 16570
417.000 16576
395.000 18271
400.000 17423
408.000 18283
412.000 18292
452.000 18295
427.000 17437
410.000 17433
423.000 17415
430.000 17431
470.000 17423
411.000 17426
450.000 17427
422.000 16579
429.000 16559
469.000 16561
408.000 16557
414.000 15700
422.000 14852
426.000 14858
400.000 14847
404.000 15709
411.000 18300
452.000 18304
432.000 16573
440.000 16576
394.000 16564
399.000 16572
406.000 18266
414.000 19147
453.000 19148
408.000 19150
406.000 17441
422.000 17430
429.000 17404
469.000 17398
409.000 18277
449.000 18279
440.000 17432
427.000 18278
468.000 18274
407.000 19152
413.000 19154
419.000 19156
429.000 19152
466.000 20007
406.000 19135
412.000 18276
441.000 14006
447.000 14877
420.000 15691
461.000 16549
433.000 16566
440.000 16589
447.000 15722
421.000 16581
459.000 17435
466.000 15729
440.000 16583
443.000 15717
435.000 15721
474.000 15722
447.000 16577
434.000 14845
430.000 14839
470.000 14839
409.000 14859
417.000 14855
435.000 14841
448.000 14844
456.000 14868
392.000 15703
432.000 15705
429.000 14856
432.000 15735
405.000 15705
446.000 15703
419.000 14845
426.000 14856
432.000 14844
405.000 15707
445.000 15708
418.000 15722
425.000 14847
430.000 14855
403.000 13974
444.000 13972
416.000 14006
423.000 13987
427.000 14874
467.000 14880
411.000 15717
418.000 15712
436.000 15724
449.000 15719
455.000 15718
390.000 15714
433.000 15715
422.000 14876
461.000 14864
434.000 15733
442.000 15714
449.000 14864
455.000 14847
462.000 14017
434.000 15694
441.000 14845
447.000 14007
454.000 14001
459.000 14004
431.000 14002
439.000 14854
443.000 13996
448.000 14874
402.000 14005
396.000 14004
420.000 14007
433.000 14004
438.000 14027
442.000 14010
482.000 14013
432.000 14004
439.000 14010
454.000 14014
460.000 14865
433.000 14877
441.000 14869
446.000 15730
453.000 14862
458.000 14020
432.000 14874
440.000 14847
448.000 14870
452.000 14874
460.000 13989
430.000 14874
438.000 15730
440.000 15729
447.000 16593
395.000 12291
417.000 13133
426.000 13147
431.000 13997
438.000 14023
440.000 14014
480.000 14015
443.000 14008
450.000 14843
450.000 13161
458.000 13139
432.000 14005
461.000 13999
466.000 13989
458.000 12294
454.000 13120
411.000 12298
419.000 11430
426.000 12262
431.000 12288
436.000 11431
406.000 11439
414.000 11439
441.000 14003
411.000 15718
451.000 15721
460.000 15727
467.000 14862
421.000 13991
431.000 13994
438.000 13991
444.000 14855
417.000 13989
458.000 13988
430.000 14868
437.000 13996
442.000 13998
415.000 14866
422.000 14871
425.000 16572
433.000 16568
437.000 16578
409.000 16592
450.000 16599
411.000 12276
420.000 13158
457.000 13151
469.000 13140
447.000 13151
411.000 13142
450.000 13139
461.000 13981
468.000 13995
421.000 13982
461.000 13979
438.000 13996
443.000 13991
417.000 14006
423.000 13127
430.000 13128
438.000 13134
441.000 13125
413.000 13148
419.000 13132
425.000 13139
432.000 13141
438.000 13139
410.000 13144
450.000 13144
409.000 14872
418.000 15735
459.000 15748
470.000 16586
442.000 15743
412.000 16588
451.000 16593
464.000 16591
469.000 16602
420.000 15718
428.000 14858
436.000 15728
441.000 14875
415.000 15728
422.000 16579
427.000 16578
435.000 15729
440.000 15711
413.000 16583
420.000 14884
426.000 16576
431.000 15722
439.000 16588
409.000 15728
449.000 15720
417.000 13130
426.000 13974
461.000 14006
400.000 14871
441.000 14871
411.000 14857
450.000 14856
462.000 14859
469.000 14859
419.000 14854
460.000 15704
434.000 15728
442.000 14873
415.000 15717
423.000 15726
428.000 15723
436.000 16575
440.000 15731
413.000 14016
419.000 14003
425.000 13139
432.000 13999
436.000 14018
409.000 13995
449.000 13995
411.000 13160
420.000 14852
459.000 14874
401.000 14860
442.000 14863
410.000 14880
450.000 14879
462.000 13157
470.000 13150
421.000 13154
428.000 13161
437.000 14009
425.000 13137
465.000 13141
406.000 13153
410.000 13149
419.000 13994
423.000 12282
464.000 12280
404.000 12298
411.000 12304
417.000 12289
422.000 12282
463.000 12286
399.000 12298
440.000 12302
421.000 14865
441.000 16584
448.000 15724
388.000 16583
427.000 16587
399.000 16584
438.000 16581
435.000 16570
420.000 16589
413.000 16579
419.000 16577
425.000 16585
466.000 16586
406.000 16569
412.000 16562
418.000 16577
425.000 16590
465.000 16587
404.000 16583
412.000 16585
417.000 15725
424.000 14858
465.000 14856
401.000 15720
441.000 15723
424.000 12271
431.000 12295
449.000 13999
387.000 14008
428.000 14010
398.000 13164
438.000 13164
417.000 13159
423.000 14012
397.000 13127
402.000 14005
442.000 14006
415.000 13125
390.000 13148
395.000 14865
402.000 14001
441.000 13992
414.000 13977
388.000 14856
395.000 14014
399.000 13993
439.000 13993
412.000 14010
386.000 14013
428.000 14012
424.000 12302
430.000 12281
415.000 12282
389.000 12296
429.000 12297
402.000 12288
442.000 12286
416.000 12300
390.000 12276
396.000 12296
402.000 12286
442.000 12287
416.000 12294
388.000 13165
396.000 13132
401.000 13140
440.000 14002
413.000 14022
386.000 14016
392.000 13146
400.000 13142
439.000 13142
411.000 13146
385.000 13147
424.000 13144
408.000 12290
415.000 13127
415.000 13135
388.000 13143
395.000 13142
401.000 13144
441.000 13145
411.000 13138
427.000 13159
411.000 13143
417.000 13141
457.000 13139
430.000 13140
404.000 14001
409.000 13136
416.000 13999
455.000 14000
428.000 13991
401.000 13987
408.000 13141
413.000 13152
454.000 13151
426.000 13131
399.000 13148
440.000 13150
422.000 13987
427.000 14847
436.000 14865
407.000 14856
448.000 14860
421.000 13990
460.000 13995
435.000 14015
441.000 14020
401.000 15736
394.000 15729
417.000 15720
439.000 14876
409.000 15707
449.000 15702
424.000 14856
430.000 14866
435.000 14863
442.000 13996
450.000 13160
422.000 13156
428.000 13148
403.000 14000
408.000 13994
449.000 13992
420.000 13992
427.000 13973
433.000 13141
403.000 13159
444.000 13161
416.000 14011
423.000 13134
428.000 13994
435.000 13980
394.000 13110
405.000 14001
423.000 14024
440.000 14010
410.000 15722
450.000 15716
423.000 15739
437.000 14863
444.000 16594
456.000 16595
467.000 17432
440.000 15729
447.000 15735
421.000 14005
427.000 14006
467.000 14004
440.000 14879
448.000 14006
453.000 14026
459.000 13151
463.000 13159
436.000 14022
411.000 14873
413.000 14013
453.000 14017
402.000 13986
395.000 14000
417.000 13983
435.000 13997
443.000 13985
413.000 14000
420.000 14001
410.000 13994
416.000 14008
461.000 14000
435.000 13144
441.000 13150
447.000 13156
420.000 13152
461.000 13149
404.000 13151
445.000 13154
417.000 14018
421.000 14033
428.000 13996
433.000 14013
441.000 14015
411.000 14001
451.000 14001
383.000 14870
411.000 13145
427.000 13995
398.000 14025
404.000 14015
398.000 14002
404.000 14011
445.000 13138
417.000 14028
424.000 13153
431.000 14026
437.000 13143
445.000 14027
419.000 14009
425.000 14017
431.000 13166
439.000 14013
443.000 14884
416.000 14872
420.000 14887
427.000 14014
432.000 14862
440.000 14873
408.000 14005
448.000 14002
384.000 14872
411.000 14843
426.000 14870
400.000 14828
440.000 14831
408.000 14009
414.000 14023
438.000 14004
419.000 14016
426.000 14020
421.000 14005
461.000 14004
403.000 14879
409.000 14875
417.000 14005
422.000 13991
463.000 13990
436.000 14015
408.000 14014
415.000 14016
421.000 14021
461.000 14020
435.000 14019
409.000 14861
449.000 14866
438.000 13149
446.000 13142
439.000 13136
413.000 13158
420.000 13140
426.000 13151
467.000 13152
440.000 13157
412.000 13152
418.000 13136
425.000 13151
465.000 13148
420.000 11446
394.000 10572
400.000 11446
440.000 11451
411.000 10598
418.000 11442
422.000 12298
392.000 12290
433.000 13148
406.000 13184
412.000 13155
381.000 13149
421.000 13145
425.000 13156
464.000 13160
388.000 13161
415.000 12301
429.000 12314
379.000 13166
410.000 13164
418.000 13167
427.000 12308
433.000 12302
441.000 13163
414.000 13151
419.000 13134
393.000 14876
398.000 14017
439.000 14882
410.000 14009
371.000 13991
364.000 13958
373.000 12245
374.000 13119
370.000 11409
336.000 11401
367.000 12266
325.000 12267
354.000 12280
345.000 13096
371.000 13977
363.000 13988
371.000 16570
370.000 16568
335.000 16548
368.000 17406
365.000 16554
329.000 16567
357.000 15695
344.000 16562
370.000 14850
383.000 13105
371.000 14836
372.000 14833
369.000 14834
367.000 14848
363.000 15697
323.000 13123
354.000 13106
344.000 13973
370.000 14835
382.000 16563
371.000 17412
370.000 16564
366.000 17413
336.000 17432
363.000 16561
325.000 16565
354.000 16575
342.000 14837
373.000 15706
384.000 12234
371.000 13108
372.000 13974
368.000 13118
366.000 13978
362.000 13120
327.000 14839
352.000 13123
346.000 13988
376.000 13998
385.000 14833
376.000 14838
376.000 14840
380.000 14838
340.000 14830
371.000 14830
331.000 14838
362.000 15702
344.000 13986
381.000 14817
341.000 13128
377.000 13136
380.000 12264
374.000 13112
374.000 13988
369.000 13111
332.000 13990
360.000 14845
346.000 13984
379.000 14860
385.000 14837
378.000 15715
378.000 15704
377.000 14841
377.000 13121
371.000 13978
336.000 13981
368.000 13990
352.000 13124
377.000 13105
347.000 11400
380.000 11409
377.000 12258
374.000 13117
372.000 13125
366.000 13120
332.000 13122
359.000 12264
349.000 12243
324.000 12273
324.000 13114
391.000 13132
319.000 13990
317.000 13132
313.000 13978
309.000 13133
337.000 13115
317.000 12270
339.000 13981
326.000 13972
324.000 13978
392.000 14845
321.000 13113
388.000 13119
313.000 13113
311.000 13115
339.000 13119
344.000 13133
322.000 11405
320.000 13125
320.000 12262
321.000 13126
316.000 13984
350.000 13116
312.000 12258
310.000 13125
339.000 13124
348.000 13122
335.000 13974
356.000 13130
321.000 13986
354.000 14828
319.000 13967
349.000 13123
312.000 13121
309.000 13141
338.000 13140
347.000 13120
325.000 13116
354.000 13127
319.000 13982
321.000 13990
316.000 14855
349.000 14832
311.000 13986
310.000 12265
338.000 14827
337.000 15713
325.000 12262
349.000 12272
319.000 12283
321.000 12260
316.000 11401
349.000 11403
344.000 11402
309.000 10548
337.000 11407
346.000 11408
329.000 10556
356.000 12266
354.000 12272
162.000 15688
127.000 15692
125.000 16555
125.000 17424
260.000 17412
329.000 16564
364.000 16553
355.000 15683
334.000 15683
405.000 16557
374.000 17428
319.000 17405
318.000 18256
350.000 18259
307.000 18273
309.000 17410
330.000 18287
307.000 17424
354.000 17416
354.000 14834
321.000 15696
316.000 16557
315.000 18281
348.000 18270
307.000 19133
308.000 18266
336.000 18266
313.000 18252
352.000 16547
355.000 17400
319.000 17385
67.000 19962
72.000 19974
79.000 20830
84.000 19967
57.000 18242
62.000 19107
69.000 19100
72.000 20818
78.000 20812
48.000 16525
53.000 17398
56.000 18251
63.000 18272
69.000 16540
40.000 16526
43.000 16557
83.000 16558
97.000 17402
83.000 16534
60.000 16556
100.000 16560
67.000 18243
74.000 19115
87.000 19124
128.000 19126
65.000 19980
72.000 18265
77.000 19113
84.000 19100
55.000 19113
62.000 19105
67.000 19115
73.000 19097
79.000 19119
51.000 19125
54.000 18248
59.000 19973
63.000 18254
70.000 19101
110.000 19101
79.000 19109
85.000 20835
43.000 19965
82.000 19100
123.000 19102
101.000 19097
75.000 18263
80.000 19109
86.000 18264
60.000 19102
66.000 16542
73.000 17414
79.000 17387
86.000 17406
56.000 16530
63.000 15698
68.000 15678
108.000 15678
79.000 15680
52.000 17405
92.000 17407
59.000 14837
64.000 17384
70.000 19091
110.000 19096
45.000 19959
85.000 19952
42.000 17410
78.000 17372
59.000 16559
98.000 16558
72.000 16547
111.000 16550
85.000 17404
125.000 17405
66.000 19132
71.000 19129
78.000 18276
128.000 16540
122.000 16545
120.000 17417
130.000 16525
130.000 16536
75.000 14837
119.000 14817
130.000 13962
122.000 14830
130.000 14817
124.000 15666
127.000 15665
118.000 15690
128.000 15699
130.000 15680
129.000 14837
124.000 14840
124.000 14849
128.000 14813
127.000 14830
127.000 15695
123.000 15677
120.000 14819
128.000 14811
129.000 14815
128.000 15693
122.000 15701
123.000 15682
127.000 15674
127.000 16538
227.000 17399
120.000 14819
122.000 14833
119.000 15670
130.000 15679
126.000 15668
121.000 16544
127.000 15686
126.000 17411
126.000 16546
125.000 15688
121.000 14835
119.000 14819
128.000 15706
129.000 16528
130.000 16544
126.000 16518
122.000 16520
128.000 17386
128.000 15697
126.000 14812
123.000 15666
119.000 13985
118.000 16564
128.000 15701
78.000 13961
116.000 14840
128.000 14830
125.000 13967
128.000 14821
126.000 13983
120.000 13109
119.000 13969
126.000 13971
127.000 13976
126.000 13967
120.000 13982
119.000 13985
124.000 13983
125.000 13965
125.000 13980
120.000 13127
118.000 13980
123.000 14833
129.000 14827
128.000 13978
125.000 14823
122.000 13961
127.000 14833
127.000 15702
227.000 15701
125.000 15684
127.000 15684
127.000 15695
135.000 16546
132.000 16543
127.000 15697
131.000 15672
129.000 16540
128.000 16557
127.000 16551
123.000 15695
118.000 16536
128.000 14819
128.000 15683
128.000 15688
123.000 15673
122.000 17382
127.000 16546
127.000 15662
92.000 14831
192.000 15685
88.000 15679
84.000 15687
184.000 15684
97.000 15694
95.000 15690
97.000 15704
88.000 15680
95.000 14835
91.000 14829
92.000 14824
85.000 15682
85.000 15677
93.000 15679
93.000 14817
93.000 14837
87.000 15692
92.000 15674
92.000 15678
91.000 15677
88.000 15682
87.000 16552
85.000 15676
88.000 16539
93.000 16525
193.000 17387
91.000 14836
99.000 15711
91.000 14846
98.000 14830
89.000 14826
91.000 14828
86.000 13975
93.000 13966
92.000 13970
89.000 13989
87.000 13980
91.000 13959
93.000 15698
92.000 15694
89.000 16540
86.000 16536
186.000 16542
88.000 16549
93.000 14830
88.000 15704
88.000 16534
93.000 16551
92.000 17407
92.000 17397
192.000 17395
90.000 14843
93.000 14843
92.000 14827
98.000 14842
91.000 15686
95.000 14822
91.000 14815
94.000 15695
92.000 14825
86.000 14830
87.000 14823
85.000 14828
90.000 14838
94.000 15700
88.000 15692
88.000 15695
93.000 15692
92.000 16561
92.000 16549
86.000 16532
86.000 16557
85.000 15704
93.000 15670
93.000 15692
193.000 15690
90.000 13121
99.000 13979
91.000 14830
98.000 15677
91.000 15685
95.000 14821
86.000 14831
88.000 14828
92.000 16538
86.000 16537
87.000 13968
91.000 14825
93.000 14828
92.000 13970
86.000 13969
87.000 13981
85.000 13974
93.000 13979
93.000 13978
88.000 14849
92.000 14830
93.000 13965
92.000 14841
92.000 14844
191.000 14842
90.000 13991
91.000 15700
93.000 15689
98.000 14844
91.000 14846
92.000 14837
95.000 14846
93.000 13981
92.000 14838
87.000 14803
87.000 13985
