166.000 26070
172.000 26050
212.000 26046
184.000 26065
191.000 26931
198.000 26937
169.000 27793
209.000 27791
182.000 29500
189.000 29504
161.000 28651
165.000 29514
205.000 29516
128.000 22641
136.000 23469
176.000 24355
149.000 26049
189.000 26053
161.000 26085
164.000 26059
171.000 26064
155.000 26927
196.000 26925
143.000 27797
184.000 29520
159.000 26950
164.000 27800
204.000 27804
176.000 28662
183.000 28659
160.000 27804
164.000 27816
203.000 27815
176.000 26078
182.000 25225
155.000 24369
157.000 26930
197.000 26933
126.000 23497
135.000 26095
174.000 25216
149.000 26944
189.000 26948
161.000 26953
166.000 28636
171.000 24325
155.000 24332
195.000 25193
176.000 24344
183.000 24339
159.000 23475
165.000 25216
205.000 25212
178.000 26082
184.000 26929
191.000 27814
163.000 26918
204.000 26922
175.000 25224
147.000 28644
154.000 26043
157.000 25199
197.000 25197
129.000 25233
137.000 23459
174.000 24358
150.000 24344
190.000 24343
163.000 24341
164.000 25221
170.000 26071
152.000 24348
192.000 26075
174.000 25226
181.000 25198
156.000 25203
162.000 24321
202.000 24317
175.000 26068
183.000 23487
188.000 25213
196.000 25198
199.000 23468
171.000 21769
145.000 22625
152.000 22613
156.000 23479
197.000 24347
236.000 24345
134.000 23491
172.000 22592
148.000 23487
188.000 23488
124.000 24337
163.000 25193
170.000 23492
154.000 24347
194.000 24348
143.000 25202
183.000 25203
158.000 24345
163.000 25200
137.000 23473
177.000 24331
184.000 23474
159.000 23492
162.000 24330
202.000 24328
176.000 22626
147.000 22639
154.000 23500
157.000 20899
198.000 20903
136.000 20902
144.000 22645
178.000 23483
149.000 23478
191.000 23476
161.000 24340
130.000 23496
137.000 22636
177.000 22628
182.000 22624
122.000 23481
163.000 24350
137.000 22635
142.000 23497
183.000 23499
156.000 23461
162.000 23490
485.000 19981
471.000 19131
536.000 19131
484.000 19131
446.000 18292
501.000 18292
493.000 18274
504.000 18294
482.000 18279
488.000 18257
493.000 18272
465.000 17413
505.000 18273
482.000 17418
487.000 17423
495.000 17407
500.000 17414
505.000 17411
475.000 16559
483.000 16543
488.000 16538
452.000 17401
458.000 16543
477.000 17399
480.000 17427
482.000 18264
451.000 18270
495.000 19136
462.000 18281
462.000 19105
453.000 19135
463.000 19133
451.000 17403
483.000 17402
487.000 18270
495.000 18279
499.000 17396
503.000 17405
479.000 17390
487.000 18278
492.000 18263
495.000 17431
504.000 15688
475.000 16542
484.000 17410
489.000 17424
447.000 16564
458.000 16559
466.000 15702
473.000 15705
481.000 15697
455.000 16549
493.000 16557
462.000 15672
462.000 16557
469.000 16556
490.000 17414
500.000 17432
484.000 16559
490.000 17410
491.000 16560
496.000 16561
503.000 16564
483.000 16575
484.000 16561
490.000 16562
497.000 16548
474.000 15694
477.000 15691
482.000 15687
487.000 14852
436.000 16567
445.000 17418
456.000 16551
462.000 16560
473.000 16555
474.000 18275
443.000 17406
454.000 17410
460.000 18266
475.000 18267
482.000 18281
463.000 18263
472.000 18255
511.000 18253
518.000 18269
493.000 18256
462.000 17398
472.000 17404
474.000 17423
485.000 15686
490.000 15701
466.000 15691
465.000 15665
473.000 15704
450.000 17405
488.000 17402
451.000 16562
487.000 16565
496.000 16546
507.000 16577
478.000 16551
441.000 17413
452.000 18278
448.000 17395
523.000 17383
495.000 17412
472.000 16550
469.000 17408
511.000 17413
517.000 16537
495.000 17402
464.000 16538
471.000 18273
479.000 17391
450.000 17412
496.000 17418
462.000 17413
469.000 17405
474.000 16561
480.000 17398
427.000 17414
441.000 19129
456.000 19126
469.000 17417
468.000 17418
473.000 16556
450.000 17404
454.000 15670
457.000 16536
467.000 16553
