501.000 20861
472.000 20004
476.000 20054
516.000 20048
517.000 20867
534.000 20012
545.000 20008
487.000 19169
494.000 19179
500.000 17445
507.000 18324
481.000 17422
486.000 18289
493.000 19173
499.000 19156
514.000 19182
484.000 19143
486.000 19164
482.000 19139
488.000 19153
492.000 19153
533.000 19156
471.000 19177
509.000 19174
484.000 20867
494.000 21726
466.000 20869
472.000 21724
510.000 21724
520.000 20006
503.000 22592
475.000 22592
482.000 21731
488.000 20855
493.000 20008
500.000 21702
474.000 21729
480.000 22580
486.000 21735
494.000 21719
501.000 20850
472.000 20878
478.000 20881
483.000 20882
491.000 20899
494.000 20020
534.000 20030
472.000 20860
511.000 21725
482.000 22579
490.000 21759
463.000 22602
468.000 22610
510.000 22611
508.000 22596
498.000 23452
475.000 22593
483.000 22603
487.000 22616
494.000 22576
499.000 22597
473.000 22584
479.000 22607
488.000 22585
492.000 21751
500.000 22585
539.000 22584
477.000 20888
485.000 20867
490.000 20015
494.000 19180
467.000 19169
471.000 20874
511.000 20877
494.000 20892
501.000 20023
465.000 19977
505.000 20839
509.000 21724
510.000 21708
517.000 20859
540.000 20874
480.000 20881
487.000 21724
494.000 20868
500.000 20894
473.000 21724
482.000 22574
486.000 21733
492.000 21742
498.000 20880
539.000 20878
476.000 22604
485.000 22570
488.000 22610
494.000 23431
536.000 24292
474.000 24302
514.000 24308
509.000 21743
490.000 22594
459.000 21703
466.000 20873
507.000 20870
512.000 20884
501.000 22594
476.000 22585
481.000 22604
487.000 21738
493.000 21749
499.000 22595
473.000 21732
483.000 22583
486.000 21707
492.000 21747
498.000 20872
538.000 20875
478.000 21687
484.000 20885
489.000 21738
496.000 21766
536.000 21760
475.000 21746
514.000 21746
484.000 21718
489.000 20844
461.000 20884
468.000 20878
506.000 20887
484.000 20870
201.000 25125
166.000 26001
190.000 25978
161.000 25117
229.000 25115
209.000 25116
195.000 24251
156.000 25134
175.000 23360
183.000 24265
205.000 23404
191.000 24235
179.000 24261
186.000 25123
186.000 24281
195.000 25094
202.000 24232
177.000 24256
176.000 24256
149.000 24240
158.000 24242
207.000 24244
172.000 23410
194.000 24258
187.000 25088
159.000 25069
129.000 25104
139.000 24237
139.000 25109
147.000 25094
186.000 25084
109.000 22542
133.000 24256
145.000 26828
154.000 26791
137.000 25969
185.000 25970
164.000 25970
183.000 26833
194.000 25969
203.000 26818
201.000 25934
247.000 25930
152.000 26825
165.000 26815
161.000 25949
201.000 25958
149.000 25954
204.000 26815
198.000 26807
203.000 25972
205.000 26799
169.000 25102
137.000 24224
154.000 26817
183.000 26822
123.000 25964
163.000 25958
167.000 25957
146.000 26804
138.000 25945
131.000 25969
141.000 25944
155.000 25970
188.000 25966
196.000 25135
200.000 25949
176.000 25998
181.000 25983
157.000 25104
173.000 24263
139.000 25101
185.000 25097
184.000 25119
185.000 25132
163.000 24274
132.000 24251
180.000 24247
144.000 23398
146.000 24216
185.000 24218
113.000 25958
151.000 26834
148.000 26809
180.000 26810
191.000 26823
124.000 26810
169.000 26813
183.000 26833
185.000 25965
198.000 25943
203.000 26821
185.000 26826
180.000 25938
184.000 25111
214.000 26833
211.000 26828
184.000 27705
152.000 25099
153.000 25936
157.000 25101
126.000 24261
170.000 24256
148.000 25985
146.000 25991
184.000 25991
137.000 22534
156.000 22531
180.000 23406
180.000 24231
187.000 24258
133.000 25104
143.000 24249
143.000 25084
152.000 25105
162.000 24244
139.000 25130
148.000 24244
145.000 25132
156.000 24259
160.000 24234
133.000 24243
185.000 24237
183.000 24234
185.000 23387
159.000 24244
132.000 24243
137.000 24245
148.000 24252
178.000 24259
188.000 24271
