107.000 22536
147.000 22541
122.000 22551
159.000 22547
108.000 20847
143.000 21706
149.000 22551
195.000 22545
124.000 23418
144.000 24277
152.000 24248
159.000 24289
134.000 24300
139.000 24285
112.000 24278
119.000 23399
162.000 25127
134.000 26014
106.000 25138
145.000 25133
152.000 25109
159.000 25151
130.000 25967
135.000 24294
142.000 24274
121.000 24279
155.000 24280
126.000 25135
108.000 22571
114.000 22540
143.000 24237
154.000 24265
114.000 22564
127.000 22546
147.000 23419
152.000 22550
160.000 22544
135.000 21677
139.000 21703
115.000 23405
120.000 23423
161.000 23424
135.000 23412
141.000 22537
145.000 22543
152.000 23404
161.000 24272
131.000 23423
136.000 21655
106.000 23416
113.000 23398
154.000 23390
125.000 25975
164.000 25978
113.000 25127
143.000 24269
153.000 23420
117.000 24290
133.000 23419
144.000 24270
119.000 23395
159.000 23390
134.000 24263
141.000 24274
115.000 23394
119.000 23428
161.000 23423
132.000 23403
104.000 24266
144.000 24258
118.000 24278
159.000 24272
130.000 24282
136.000 24272
106.000 24274
113.000 24247
153.000 24249
125.000 24253
164.000 24248
123.000 24255
143.000 23417
151.000 21692
113.000 21680
122.000 21708
145.000 24277
120.000 23380
167.000 23377
133.000 23398
139.000 23420
119.000 23420
124.000 23413
166.000 24266
127.000 24263
100.000 23418
139.000 23417
110.000 22556
150.000 22552
123.000 22516
128.000 22551
99.000 23423
107.000 24249
147.000 24253
117.000 23397
157.000 23397
103.000 22536
133.000 23430
146.000 22557
108.000 22563
125.000 22556
134.000 22563
111.000 22563
152.000 23435
124.000 23371
131.000 23402
106.000 22544
109.000 23439
149.000 23431
125.000 22547
129.000 23395
137.000 23423
110.000 23405
151.000 23406
121.000 22549
127.000 23431
101.000 22548
106.000 23417
146.000 24284
119.000 24252
104.000 22543
109.000 23413
134.000 24256
142.000 24260
105.000 25132
114.000 24284
138.000 23414
111.000 24276
156.000 24280
124.000 24264
130.000 24281
139.000 24251
111.000 24250
152.000 24249
127.000 24270
100.000 24276
138.000 24275
111.000 23401
151.000 24247
121.000 24257
130.000 24276
100.000 23412
110.000 25117
149.000 25113
118.000 24252
159.000 24255
113.000 23401
135.000 23416
142.000 23393
107.000 23416
115.000 23390
134.000 23423
111.000 22560
152.000 22558
124.000 22565
130.000 22525
106.000 21694
112.000 21710
153.000 21702
125.000 21712
132.000 21698
137.000 21665
110.000 20827
150.000 20829
124.000 20849
128.000 21704
99.000 22545
106.000 22576
146.000 22576
117.000 22550
100.000 23395
104.000 23409
104.000 23395
144.000 24248
103.000 23402
114.000 23427
136.000 23393
111.000 23402
152.000 24258
125.000 23414
131.000 23402
105.000 24276
112.000 24276
152.000 24273
123.000 24286
98.000 24266
137.000 24264
108.000 24253
151.000 25109
123.000 25129
129.000 24288
100.000 24278
106.000 24248
145.000 24254
117.000 24283
158.000 25142
104.000 20813
133.000 21695
144.000 22551
108.000 22549
115.000 22567
136.000 22552
111.000 21686
155.000 21686
124.000 21691
130.000 21694
105.000 21698
112.000 21685
152.000 21690
125.000 22547
133.000 22584
139.000 22560
145.000 22568
150.000 22556
123.000 21690
130.000 20821
134.000 20838
106.000 22556
147.000 23409
118.000 23411
97.000 22549
104.000 23414
134.000 23396
144.000 23430
113.000 24252
123.000 25124
141.000 24281
118.000 24275
158.000 24274
133.000 24279
137.000 24272
113.000 25117
120.000 25126
159.000 25123
132.000 25125
105.000 25129
143.000 25129
115.000 25127
158.000 25129
128.000 25981
133.000 24270
107.000 25126
113.000 25127
153.000 25124
125.000 25107
104.000 23399
112.000 24264
109.000 24248
150.000 24244
115.000 25115
137.000 24270
143.000 23423
119.000 25150
159.000 25141
131.000 25133
136.000 25106
147.000 25127
118.000 25106
158.000 25109
133.000 25141
106.000 23424
124.000 23423
122.000 23453
110.000 23423
122.000 23428
134.000 23431
107.000 23429
149.000 23430
122.000 22579
127.000 23446
101.000 21707
107.000 22577
149.000 22584
120.000 23445
127.000 22560
133.000 22581
103.000 23442
144.000 23444
116.000 22567
121.000 22559
128.000 21701
134.000 23419
142.000 23423
112.000 25139
90.000 23421
95.000 22587
125.000 23440
123.000 24306
109.000 25174
122.000 24320
136.000 23448
107.000 22569
149.000 22576
121.000 22587
127.000 23419
134.000 22598
107.000 23435
148.000 23435
119.000 23410
125.000 25148
132.000 23432
103.000 22581
143.000 23441
117.000 25136
121.000 25180
128.000 25162
134.000 23415
140.000 23453
110.000 22566
93.000 21731
99.000 21724
114.000 25995
122.000 24310
102.000 22561
109.000 24293
115.000 25159
122.000 24325
127.000 22584
101.000 22583
108.000 23395
114.000 22547
121.000 22539
128.000 22606
168.000 22607
107.000 23452
113.000 24266
118.000 23429
124.000 23445
98.000 22539
102.000 23434
108.000 24312
114.000 23421
154.000 23416
194.000 23417
140.000 23449
134.000 21719
115.000 22550
154.000 22547
135.000 22580
142.000 23440
116.000 25174
121.000 24279
161.000 24280
102.000 22560
109.000 25160
114.000 23410
122.000 24286
162.000 24290
136.000 22593
142.000 25149
113.000 23429
119.000 23436
158.000 23441
96.000 21728
135.000 21726
107.000 23433
114.000 21707
154.000 21709
194.000 21707
147.000 20876
131.000 22597
112.000 22562
152.000 22568
135.000 21719
108.000 22544
115.000 23444
122.000 23436
162.000 23435
103.000 23423
108.000 23396
115.000 23381
122.000 25145
161.000 25145
134.000 23410
152.000 21714
122.000 20861
103.000 20848
110.000 21731
140.000 20004
148.000 20006
128.000 21738
137.000 20871
113.000 20880
119.000 20872
159.000 21734
133.000 22586
140.000 21718
111.000 21729
118.000 21728
160.000 21725
131.000 20852
138.000 21714
109.000 20016
114.000 20009
89.000 19123
128.000 19124
135.000 20851
141.000 21718
112.000 20855
153.000 20848
123.000 20868
103.000 19126
109.000 19976
139.000 20010
149.000 19124
127.000 20849
136.000 20858
111.000 20851
116.000 20868
156.000 20869
130.000 20850
105.000 20847
110.000 20862
117.000 20846
157.000 21712
129.000 20880
137.000 20009
109.000 19123
114.000 21697
153.000 21695
126.000 20001
134.000 20846
140.000 19995
112.000 22565
153.000 22561
123.000 20000
104.000 19996
112.000 21740
140.000 22569
149.000 22558
127.000 22594
135.000 23442
111.000 23434
116.000 23416
157.000 24283
130.000 25173
107.000 26030
109.000 24292
116.000 26031
156.000 26029
129.000 25172
135.000 26023
110.000 25996
114.000 24304
154.000 24305
126.000 24307
132.000 24303
139.000 24261
111.000 24295
152.000 24295
122.000 25158
103.000 21713
109.000 21713
144.000 21723
141.000 21734
126.000 22564
137.000 22588
113.000 22568
119.000 21727
161.000 21726
133.000 21725
107.000 21712
112.000 21709
119.000 21724
159.000 21723
132.000 21719
139.000 21716
110.000 20828
117.000 20865
157.000 20858
128.000 20848
137.000 20852
107.000 20832
112.000 21717
153.000 21716
124.000 20852
97.000 21720
104.000 21724
142.000 21717
140.000 21716
124.000 21715
137.000 21709
119.000 20010
127.000 20850
134.000 19992
173.000 19993
147.000 20003
120.000 19992
126.000 20010
133.000 20000
173.000 19999
144.000 20872
116.000 20874
123.000 20859
130.000 20009
103.000 20853
142.000 20852
149.000 20854
121.000 20860
126.000 21736
165.000 21733
139.000 21711
128.000 19136
137.000 20871
114.000 22605
156.000 22612
112.000 22579
118.000 22563
126.000 22583
134.000 22579
107.000 22568
146.000 22560
118.000 22569
126.000 22568
133.000 22556
172.000 22560
146.000 22573
116.000 21741
125.000 21699
131.000 21695
104.000 20865
144.000 20864
148.000 21721
119.000 21706
126.000 22576
167.000 22587
137.000 22570
83.000 22578
112.000 23441
116.000 22580
156.000 22578
112.000 22571
119.000 22559
127.000 22576
134.000 23428
173.000 23430
113.000 24305
119.000 25999
125.000 25135
133.000 25123
173.000 26005
110.000 26041
116.000 26881
123.000 26875
129.000 25181
104.000 25165
144.000 25178
115.000 25169
120.000 22588
125.000 24290
165.000 24290
137.000 22571
115.000 20866
110.000 22568
114.000 24288
153.000 24282
111.000 26041
119.000 24294
126.000 23424
134.000 23449
109.000 22574
114.000 21714
120.000 20866
126.000 20869
132.000 21714
172.000 21714
111.000 22563
116.000 21722
123.000 21706
128.000 21731
103.000 21730
142.000 21729
115.000 21715
121.000 21744
125.000 21700
165.000 21699
136.000 21745
115.000 22575
112.000 21734
115.000 22585
154.000 23433
111.000 21729
118.000 20865
124.000 23456
132.000 25155
172.000 25153
112.000 22598
118.000 22580
126.000 24281
132.000 22594
172.000 22589
110.000 24274
118.000 25157
124.000 24312
130.000 25159
102.000 24304
142.000 24302
150.000 24287
121.000 21727
124.000 21732
164.000 21729
138.000 22560
125.000 24282
134.000 25148
116.000 24302
104.000 23401
144.000 23404
151.000 23453
126.000 23447
129.000 23420
134.000 24308
118.000 21691
126.000 21699
114.000 20884
121.000 20854
117.000 21730
122.000 22553
163.000 22557
137.000 21727
142.000 21717
116.000 21702
123.000 21720
164.000 21720
136.000 20863
142.000 20848
116.000 21724
120.000 20860
160.000 20859
133.000 21715
105.000 22589
112.000 22571
116.000 22570
156.000 22565
130.000 22567
134.000 21711
141.000 21706
114.000 22595
120.000 23456
160.000 23446
126.000 24307
151.000 24278
123.000 24296
163.000 24293
137.000 24304
143.000 24292
117.000 24326
123.000 24313
165.000 24319
137.000 23451
143.000 22578
116.000 24272
121.000 24302
161.000 24301
134.000 23430
106.000 24310
113.000 23421
152.000 23416
159.000 23446
129.000 22578
100.000 23454
140.000 24308
122.000 20005
129.000 19154
169.000 19153
123.000 20859
151.000 20834
123.000 20857
163.000 20857
137.000 21706
111.000 21711
125.000 19999
99.000 20015
104.000 20020
111.000 19996
151.000 21719
124.000 21747
129.000 20885
134.000 21716
140.000 21742
146.000 21719
117.000 19998
124.000 20019
127.000 20006
99.000 20008
105.000 19992
146.000 19993
115.000 20001
132.000 19992
144.000 20018
152.000 20849
126.000 20845
133.000 20847
139.000 19989
112.000 20870
152.000 20874
125.000 20008
133.000 20012
138.000 20001
144.000 20010
150.000 20868
123.000 20862
94.000 20867
134.000 20857
106.000 19996
146.000 19993
118.000 20009
124.000 19995
130.000 20860
107.000 18278
114.000 20012
153.000 20009
107.000 18282
128.000 18283
143.000 19159
122.000 19124
129.000 19152
147.000 19141
153.000 19149
112.000 19997
116.000 18295
116.000 19144
123.000 19155
128.000 18284
102.000 18299
107.000 18284
113.000 18301
121.000 18274
126.000 18275
100.000 18281
108.000 17429
110.000 17432
117.000 18316
120.000 18280
160.000 18279
104.000 19125
112.000 19145
113.000 19154
125.000 20034
104.000 20846
110.000 21724
118.000 22586
110.000 22588
151.000 22598
121.000 21732
93.000 22563
100.000 22595
106.000 21726
146.000 21730
119.000 21729
92.000 21729
95.000 21730
102.000 21729
142.000 21727
182.000 21730
75.000 20874
103.000 22600
109.000 21721
150.000 21716
90.000 21732
129.000 21729
136.000 21722
110.000 20870
152.000 20864
124.000 21743
98.000 21746
102.000 21730
109.000 21751
151.000 21752
118.000 22589
91.000 21753
99.000 21739
621.000 24247
621.000 21693
622.000 22548
623.000 21696
618.000 23388
615.000 22550
616.000 22543
609.000 21666
605.000 19978
618.000 19091
619.000 19956
619.000 19993
618.000 19100
618.000 19126
617.000 19974
615.000 19113
579.000 19981
608.000 19117
583.000 19132
620.000 20812
587.000 21674
620.000 20831
621.000 20826
620.000 21698
584.000 21662
616.000 21691
579.000 21694
607.000 20839
583.000 17385
620.000 19977
579.000 19108
613.000 19106
580.000 19984
610.000 19963
578.000 19969
611.000 19984
573.000 20841
600.000 20827
598.000 18259
612.000 20839
611.000 20819
612.000 19969
612.000 22575
613.000 23410
610.000 21692
608.000 22535
572.000 20856
604.000 19959
572.000 21667
612.000 20839
613.000 21679
613.000 20833
579.000 21671
615.000 20803
578.000 21691
608.000 22559
574.000 21666
605.000 23392
594.000 19123
614.000 19135
612.000 19137
612.000 19106
612.000 19120
613.000 19982
576.000 19982
609.000 19995
570.000 19099
601.000 19121
593.000 18252
607.000 18240
605.000 19971
612.000 18251
613.000 19972
612.000 19133
582.000 19985
610.000 17394
574.000 19136
603.000 17413
603.000 19981
618.000 20824
618.000 20843
620.000 20838
618.000 20808
617.000 21696
581.000 21702
612.000 21662
575.000 21698
605.000 21699
578.000 19120
627.000 17405
625.000 18280
625.000 19959
619.000 17409
616.000 18270
611.000 17373
645.000 17422
633.000 19117
633.000 19143
631.000 19140
631.000 19988
631.000 20828
631.000 20861
624.000 21688
620.000 19989
618.000 20003
647.000 20865
632.000 18277
634.000 20838
633.000 21704
632.000 19994
628.000 21688
629.000 21691
625.000 21713
622.000 20851
614.000 19116
645.000 18250
658.000 21688
628.000 22538
627.000 21686
627.000 22556
623.000 21687
626.000 22576
619.000 20852
617.000 21675
612.000 20849
645.000 21708
627.000 18235
626.000 19107
624.000 19994
623.000 20852
622.000 20837
623.000 19951
618.000 18267
616.000 19972
613.000 19122
645.000 19138
654.000 20830
626.000 19130
624.000 19117
623.000 18275
622.000 19126
624.000 19132
618.000 19136
617.000 18272
612.000 17403
644.000 19977
625.000 17392
626.000 19105
626.000 19995
622.000 21692
656.000 22543
98.000 22540
100.000 20835
132.000 19960
98.000 20817
132.000 19939
135.000 19958
136.000 19092
111.000 19111
110.000 19953
145.000 19972
143.000 19109
110.000 19107
142.000 19950
138.000 19093
153.000 19947
139.000 21676
137.000 20803
142.000 21665
143.000 19969
145.000 20804
142.000 21676
106.000 20829
104.000 21699
124.000 20831
133.000 23405
160.000 20829
140.000 22516
107.000 20845
107.000 21667
174.000 20842
140.000 21711
104.000 22524
136.000 21667
124.000 19108
135.000 20815
136.000 19962
140.000 20839
141.000 19970
107.000 20823
141.000 19956
107.000 20833
393.000 25089
460.000 22527
470.000 23398
445.000 23398
485.000 23398
459.000 22538
468.000 22541
431.000 21656
437.000 22531
478.000 24236
458.000 22559
431.000 22507
471.000 22511
440.000 22536
480.000 22538
458.000 22542
463.000 23394
465.000 22562
469.000 22527
478.000 21675
453.000 23372
459.000 22563
464.000 22513
437.000 22521
448.000 21679
454.000 21688
460.000 21690
431.000 22577
470.000 22573
478.000 22552
453.000 22551
461.000 21681
429.000 21663
436.000 22545
413.000 23376
454.000 23377
426.000 22531
430.000 23386
437.000 22534
477.000 22536
451.000 22522
454.000 21690
425.000 21674
433.000 22556
473.000 22558
448.000 20832
453.000 20842
458.000 20835
443.000 19979
454.000 20808
449.000 22563
455.000 22550
427.000 22538
434.000 22545
475.000 22551
450.000 22542
455.000 22538
428.000 20826
434.000 20839
474.000 20842
451.000 21685
421.000 21689
461.000 22551
432.000 21663
473.000 22518
446.000 20804
451.000 20828
455.000 20816
462.000 19967
184.000 20836
189.000 19969
185.000 19985
188.000 19949
95.000 19970
195.000 19972
189.000 19966
95.000 19963
94.000 19975
194.000 19975
193.000 19975
151.000 19957
90.000 19970
190.000 20826
99.000 19977
91.000 19963
191.000 19961
97.000 20836
94.000 20825
93.000 20824
92.000 20834
191.000 20834
90.000 21686
190.000 21686
96.000 20807
95.000 20820
93.000 20845
90.000 20809
94.000 20818
93.000 20822
92.000 19944
88.000 19965
86.000 19974
186.000 19975
97.000 19985
197.000 19988
94.000 19137
88.000 20820
96.000 20847
90.000 19976
93.000 19956
193.000 19959
83.000 19105
183.000 19104
96.000 19104
93.000 19967
91.000 19964
88.000 19955
93.000 19981
91.000 19953
90.000 19980
83.000 19950
83.000 19983
183.000 19986
94.000 19961
92.000 19959
90.000 19963
87.000 19115
92.000 19102
91.000 19101
192.000 19101
84.000 18253
88.000 18256
188.000 19111
97.000 19113
90.000 19129
191.000 19986
89.000 19957
96.000 19109
93.000 19982
92.000 21680
87.000 19968
85.000 19953
185.000 19952
95.000 19960
94.000 19991
92.000 19970
90.000 19091
94.000 19101
92.000 19964
90.000 19945
87.000 19962
84.000 19967
185.000 19968
95.000 19107
195.000 19964
170.000 21691
170.000 19975
163.000 19969
168.000 20849
167.000 21680
166.000 21724
160.000 19120
160.000 19987
161.000 17409
139.000 17414
170.000 17439
165.000 17402
166.000 18283
167.000 18250
166.000 19123
165.000 19128
159.000 18258
152.000 19111
161.000 18265
140.000 18281
171.000 18246
129.000 18268
163.000 19135
166.000 19120
167.000 18284
165.000 18280
157.000 19999
152.000 19979
154.000 19138
134.000 19987
166.000 19978
159.000 20831
159.000 19984
162.000 19951
160.000 17409
159.000 18260
156.000 18243
149.000 19972
154.000 19974
135.000 19984
165.000 19995
152.000 19969
162.000 18283
162.000 19124
161.000 18256
159.000 19126
112.000 16544
145.000 17409
153.000 17423
132.000 18263
164.000 17414
161.000 16534
158.000 17377
160.000 17408
160.000 19122
159.000 19957
154.000 19123
152.000 19124
154.000 19968
133.000 18270
164.000 19110
159.000 17399
159.000 19136
161.000 19964
161.000 19975
159.000 19121
154.000 19984
153.000 19989
154.000 19127
134.000 19106
156.000 19988
124.000 19124
164.000 19969
156.000 19975
159.000 19111
159.000 19985
155.000 19979
152.000 20860
153.000 20005
133.000 20845
165.000 21669
159.000 19993
161.000 18254
162.000 18254
160.000 19130
159.000 20838
155.000 19992
152.000 19959
154.000 19134
125.000 19129
167.000 19976
161.000 19986
160.000 20820
163.000 21685
163.000 21694
159.000 21677
117.000 20845
151.000 21707
154.000 21690
130.000 21673
165.000 21679
159.000 20850
160.000 20839
162.000 21707
161.000 20817
159.000 20010
156.000 20830
152.000 19105
154.000 19990
134.000 20839
165.000 21664
159.000 19999
161.000 20817
