128.000
127.000
114.000
155.000
129.000
136.000
143.000
150.000
104.000
114.000
135.000
142.000
113.000
153.000
126.000
133.000
105.000
106.000
148.000
120.000
127.000
131.000
99.000
140.000
112.000
151.000
134.000
127.000
155.000
129.000
136.000
143.000
149.000
104.000
118.000
134.000
108.000
112.000
152.000
125.000
136.000
147.000
121.000
149.000
119.000
126.000
100.000
100.000
141.000
111.000
158.000
137.000
115.000
155.000
129.000
136.000
143.000
149.000
97.000
108.000
130.000
140.000
113.000
153.000
130.000
138.000
137.000
113.000
158.000
132.000
127.000
96.000
100.000
140.000
116.000
160.000
113.000
118.000
159.000
131.000
138.000
145.000
153.000
192.000
128.000
136.000
111.000
115.000
156.000
129.000
135.000
141.000
112.000
153.000
121.000
128.000
102.000
101.000
144.000
121.000
120.000
127.000
116.000
156.000
130.000
137.000
144.000
150.000
96.000
124.000
135.000
141.000
113.000
154.000
127.000
132.000