112.000
115.000
155.000
129.000
103.000
110.000
117.000
158.000
132.000
137.000
123.000
115.000
155.000
122.000
98.000
109.000
108.000
149.000
119.000
124.000
97.000
100.000
141.000
106.000
111.000
113.000
114.000
154.000
130.000
105.000
111.000
114.000
154.000
128.000
136.000
120.000
109.000
149.000
121.000
99.000
107.000
111.000
152.000
121.000
125.000
96.000
96.000
137.000
108.000
112.000
127.000
107.000
147.000
127.000
134.000
111.000
113.000
153.000
126.000
133.000
117.000
114.000
154.000
122.000
96.000
101.000
109.000
152.000
127.000
123.000
96.000
100.000
140.000
109.000
113.000
82.000
106.000
147.000
127.000
100.000
107.000
116.000
156.000
130.000
134.000
120.000
107.000
148.000
119.000
85.000
93.000
100.000
140.000
115.000
86.000
95.000
97.000
137.000
106.000
113.000
84.000
108.000
148.000
127.000
100.000
106.000
112.000
152.000
126.000
133.000
114.000
104.000
145.000
122.000
94.000
102.000
107.000
147.000
118.000
126.000
94.000
99.000
139.000
107.000
112.000
115.000
109.000
148.000
130.000
102.000
109.000
116.000
156.000
129.000
135.000
118.000
107.000
146.000
123.000
97.000
105.000
110.000
150.000
121.000
90.000
95.000
99.000
139.000
108.000
113.000
115.000
109.000
149.000
130.000
103.000
111.000
117.000
157.000
130.000
136.000
119.000
117.000
157.000
124.000
96.000
104.000
110.000
150.000
120.000
93.000
102.000
117.000
142.000
117.000
123.000
81.000
108.000
148.000
128.000
136.000
110.000
115.000
156.000
129.000
135.000
120.000
115.000
156.000
122.000
99.000
105.000
109.000
149.000
119.000
124.000
94.000
100.000
141.000
108.000
113.000
82.000
108.000
149.000
129.000
102.000
110.000
114.000
155.000
129.000
135.000
119.000
117.000
157.000
123.000
96.000
105.000
111.000
152.000
119.000
122.000
94.000
100.000
140.000
111.000
113.000
83.000
109.000
146.000
123.000
103.000
109.000
115.000
158.000
130.000
134.000
116.000
113.000
154.000
121.000
92.000
99.000
106.000
146.000
118.000
123.000
94.000
100.000
140.000
109.000
114.000
117.000
112.000
152.000
126.000
103.000
115.000
114.000
154.000
127.000
134.000
113.000
115.000
155.000
127.000
97.000
101.000
108.000
148.000
119.000
126.000
95.000
100.000
140.000
107.000
113.000
116.000
108.000
151.000
132.000
101.000
110.000
114.000
154.000
132.000
139.000
117.000
114.000
154.000
125.000
94.000
106.000
117.000
