95.000
103.000
109.000
116.000
122.000
162.000
101.000
108.000
149.000
129.000
128.000
104.000
111.000
119.000
125.000
98.000
105.000
112.000
118.000
125.000
169.000
104.000
110.000
116.000
122.000
94.000
101.000
108.000
115.000
122.000
166.000
109.000
120.000
148.000
97.000
137.000
109.000
116.000
123.000
129.000
103.000
110.000
122.000
121.000
127.000
167.000
107.000
113.000
120.000
126.000
97.000
105.000
110.000
116.000
123.000
94.000
100.000
105.000
146.000
124.000
131.000
106.000
113.000
121.000
128.000
102.000
110.000
115.000
121.000
129.000
177.000
120.000
113.000
128.000
126.000
98.000
105.000
110.000
117.000
126.000
93.000
99.000
109.000
145.000
91.000
131.000
106.000
115.000
122.000
129.000
169.000
113.000
116.000
121.000
128.000
172.000
120.000
113.000
119.000
130.000
166.000
106.000
114.000
116.000
122.000
162.000
104.000
106.000
145.000
124.000
127.000
105.000
114.000
121.000
128.000
106.000
108.000
118.000
133.000
144.000
168.000
107.000
113.000
120.000
131.000
98.000
105.000
110.000
116.000
127.000
102.000
113.000
106.000
146.000
123.000
130.000
106.000
115.000
122.000
129.000
102.000
109.000
116.000
122.000
128.000
168.000
107.000
113.000
120.000
126.000
171.000
105.000
114.000
115.000
122.000
162.000
101.000
107.000
150.000
137.000
131.000
106.000
115.000
122.000
162.000
103.000
109.000
116.000
122.000
162.000
136.000
108.000
113.000
124.000
168.000
132.000
127.000
129.000
135.000
182.000
127.000
122.000
128.000
169.000
111.000
109.000
120.000
126.000
135.000
171.000
112.000
116.000
123.000
125.000
165.000
142.000
109.000
112.000
119.000
167.000
113.000
111.000
131.000
134.000
174.000
114.000
121.000
131.000
168.000
121.000
131.000
117.000
125.000
130.000
170.000
144.000
116.000
119.000
126.000
167.000
