106.000
147.000
120.000
93.000
98.000
104.000
144.000
185.000
109.000
90.000
97.000
141.000
114.000
113.000
81.000
121.000
109.000
111.000
131.000
101.000
108.000
148.000
121.000
128.000
101.000
106.000
146.000
120.000
126.000
98.000
104.000
148.000
196.000
114.000
91.000
99.000
143.000
123.000
79.000
82.000
87.000
127.000
100.000
73.000
81.000
87.000
127.000
105.000
115.000
92.000
87.000
126.000
100.000
107.000
84.000
94.000
138.000
182.000
137.000
86.000
93.000
133.000
106.000
113.000
87.000
92.000
133.000
104.000
111.000
85.000
92.000
132.000
109.000
120.000
84.000
90.000
130.000
102.000
108.000
79.000
86.000
130.000
174.000
112.000
85.000
92.000
132.000
105.000
112.000
84.000
91.000
130.000
104.000
77.000
84.000
90.000
130.000
103.000
111.000
83.000
121.000
128.000
101.000
106.000
146.000
119.000
126.000
97.000
138.000
77.000
84.000
103.000
87.000
93.000
133.000
104.000
110.000
95.000
100.000
140.000
120.000
128.000
102.000
109.000
148.000
121.000
129.000
106.000
114.000
146.000
124.000
134.000
98.000
139.000
74.000
87.000
109.000
87.000
94.000
