177.000
89.000
103.000
87.000
128.000
100.000
104.000
100.000
96.000
132.000
117.000
123.000
97.000
103.000
143.000
117.000
123.000
132.000
102.000
142.000
115.000
122.000
127.000
99.000
143.000
179.000
120.000
113.000
88.000
129.000
101.000
106.000
101.000
106.000
132.000
116.000
123.000
96.000
104.000
144.000
117.000
123.000
96.000
103.000
144.000
115.000
122.000
127.000
98.000
141.000
178.000
122.000
115.000
88.000
128.000
101.000
105.000
100.000
93.000
132.000
116.000
123.000
96.000
104.000
144.000
116.000
123.000
129.000
100.000
141.000
114.000
121.000
123.000
96.000
136.000
177.000
108.000
104.000
88.000
128.000
99.000
104.000
101.000
93.000
133.000
116.000
123.000
96.000
103.000
143.000
117.000
123.000
96.000
103.000
144.000
115.000
122.000
127.000
98.000
138.000
179.000
101.000
100.000
119.000
128.000
99.000
107.000
101.000
89.000
129.000
115.000
122.000
96.000
104.000
143.000
120.000
131.000
96.000
110.000
142.000
115.000
126.000
93.000
100.000
136.000
176.000
109.000
107.000
122.000
129.000
100.000
109.000
97.000
107.000
152.000
116.000
123.000
98.000
103.000
143.000
117.000
124.000
97.000
102.000
143.000
116.000
121.000
127.000
98.000
138.000
178.000
106.000
105.000
122.000
129.000
99.000
103.000
100.000
93.000
133.000
116.000
123.000
98.000
103.000
144.000
116.000
124.000
96.000
102.000
142.000
115.000
122.000
93.000
99.000
139.000
180.000
104.000
103.000
89.000
130.000
101.000
106.000
101.000
107.000
134.000
118.000
124.000
95.000
103.000
144.000
117.000
124.000
102.000
102.000
146.000
123.000
122.000
127.000
98.000
138.000
178.000
106.000
104.000
88.000
129.000
100.000
102.000
98.000
105.000
108.000
117.000
123.000
95.000
136.000
109.000
116.000
123.000
100.000
144.000
121.000
117.000
122.000
129.000
132.000
106.000
144.000
109.000
115.000
142.000
95.000
104.000
105.000
102.000
108.000
106.000
119.000
134.000
93.000
134.000
107.000
115.000
125.000
128.000
135.000
115.000
115.000
126.000
92.000
136.000
115.000
143.000
92.000
107.000
122.000
98.000
108.000
105.000
116.000
123.000
109.000
115.000
123.000
96.000
137.000
110.000
117.000
123.000
96.000
136.000
108.000
114.000
129.000
127.000
136.000
104.000
144.000
108.000
105.000
122.000
95.000
100.000
101.000
108.000
116.000
90.000
96.000
103.000
108.000
115.000
90.000
96.000
104.000
77.000
117.000
89.000
95.000
102.000
108.000
115.000
89.000
128.000
106.000
102.000
117.000
91.000
98.000
103.000
111.000
102.000
92.000
103.000
119.000
125.000
133.000
105.000
114.000
119.000
126.000
132.000
106.000
112.000
117.000
90.000
131.000
101.000
142.000
79.000
85.000
121.000
93.000
100.000
102.000
109.000
98.000
96.000
107.000
118.000
93.000
136.000
114.000
114.000
119.000
126.000
136.000
106.000
112.000
118.000
94.000
138.000
104.000
143.000
111.000
108.000
121.000
93.000
102.000
108.000
107.000
99.000
92.000
105.000
118.000
92.000
132.000
105.000
113.000
118.000
92.000
132.000
105.000
113.000
117.000
125.000
128.000
101.000
141.000
107.000
105.000
120.000
97.000
108.000
114.000
128.000
100.000
91.000
104.000
121.000
93.000
133.000
106.000
113.000
120.000
92.000
133.000
105.000
112.000
126.000
102.000
130.000
102.000
143.000
100.000
108.000
122.000
94.000
100.000
103.000
108.000
99.000
94.000
106.000
120.000
126.000
132.000
105.000
112.000
119.000
126.000
133.000
105.000
112.000
118.000
125.000
129.000
103.000
144.000
98.000
101.000
122.000
93.000
99.000
100.000
108.000
99.000
90.000
104.000
119.000
92.000
133.000
105.000
112.000
118.000
92.000
133.000
105.000
112.000
118.000
125.000
128.000
101.000
140.000
112.000
108.000
122.000
93.000
99.000
100.000
108.000
100.000
91.000
102.000
119.000
92.000
133.000
106.000
112.000
120.000
93.000
133.000
106.000
113.000
118.000
123.000
131.000
102.000
142.000
97.000
98.000
121.000
95.000
101.000
101.000
116.000
101.000
82.000
105.000
121.000
93.000
133.000
107.000
122.000
120.000
128.000
133.000
106.000
115.000
119.000
91.000
138.000
114.000
