113.000
122.000
86.000
99.000
132.000
105.000
111.000
83.000
89.000
129.000
101.000
107.000
79.000
85.000
125.000
166.000
104.000
110.000
92.000
133.000
114.000
124.000
84.000
95.000
131.000
105.000
77.000
83.000
91.000
132.000
104.000
114.000
84.000
88.000
128.000
101.000
108.000
80.000
85.000
125.000
166.000
107.000
112.000
94.000
135.000
107.000
115.000
86.000
92.000
133.000
105.000
111.000
119.000
91.000
132.000
103.000
110.000
83.000
90.000
129.000
103.000
108.000
81.000
121.000
96.000
132.000
76.000
86.000
126.000
166.000
97.000
128.000
102.000
145.000
123.000
122.000
129.000
102.000
142.000
112.000
123.000
93.000
97.000
138.000
111.000
116.000
123.000
93.000
134.000
102.000
143.000
110.000
88.000
128.000
168.000
97.000
121.000
101.000
141.000
113.000
120.000
125.000
133.000
141.000
114.000
119.000
125.000
99.000
139.000
109.000
116.000
89.000
89.000
130.000
103.000
144.000
105.000
87.000
126.000
167.000
94.000
94.000
101.000
143.000
115.000
122.000
132.000
101.000
141.000
113.000
118.000
125.000
100.000
140.000
120.000
117.000
125.000
94.000
138.000
110.000
154.000
123.000
114.000
125.000
166.000
92.000
118.000
100.000
141.000
115.000
121.000
127.000
101.000
141.000
113.000
120.000
92.000
96.000
137.000
114.000
123.000
135.000
143.000
133.000
107.000
151.000
126.000
87.000
127.000
166.000
96.000
93.000
100.000
144.000
121.000
132.000
128.000
100.000
140.000
118.000
121.000
127.000
103.000
139.000
109.000
117.000
123.000
89.000
129.000
102.000
143.000
96.000
87.000
127.000
171.000
104.000
95.000
104.000
148.000
125.000
121.000
93.000
104.000
141.000
113.000
120.000
126.000
97.000
138.000
112.000
117.000
124.000
93.000
134.000
101.000
142.000
95.000
88.000
127.000
169.000
93.000
119.000
100.000
141.000
115.000
120.000
128.000
100.000
141.000
113.000
119.000
126.000
99.000
140.000
109.000
117.000
119.000
131.000
137.000
104.000
144.000
105.000
86.000
125.000
169.000
92.000
119.000
102.000
142.000
115.000
120.000
128.000
100.000
140.000
113.000
119.000
125.000
98.000
139.000
115.000
125.000
124.000
92.000
132.000
103.000
144.000
108.000
116.000
135.000
179.000
112.000
119.000
100.000
141.000
118.000
133.000
94.000
101.000
141.000
113.000
119.000
126.000
98.000
137.000
109.000
117.000
122.000
93.000
133.000
102.000
143.000
112.000
119.000
127.000
168.000
95.000
128.000
100.000
141.000
114.000
120.000
126.000
100.000
141.000
113.000
120.000
92.000
95.000
136.000
110.000
114.000
122.000
93.000
134.000
102.000
141.000
115.000
88.000
127.000
168.000
91.000
118.000
103.000
143.000
116.000
122.000
127.000
100.000
141.000
115.000
121.000
128.000
99.000
140.000
108.000
116.000
121.000
91.000
132.000
102.000
142.000
80.000
88.000
127.000
171.000
93.000
119.000
104.000
141.000
114.000
128.000
127.000
100.000
140.000
114.000
119.000
127.000
100.000
140.000
110.000
116.000
118.000
90.000
133.000
103.000
143.000
107.000
109.000
125.000
166.000
93.000
118.000
100.000
141.000
118.000
121.000
95.000
101.000
141.000
113.000
120.000
125.000
97.000
141.000
119.000
116.000
123.000
129.000
134.000
107.000
143.000
86.000
88.000
127.000
167.000
95.000
123.000
108.000
140.000
114.000
122.000
127.000
100.000
140.000
113.000
120.000
127.000
98.000
137.000
110.000
117.000
121.000
89.000
129.000
106.000
143.000
103.000
85.000
125.000
166.000
92.000
127.000
101.000
144.000
121.000
120.000
131.000
133.000
105.000
113.000
121.000
126.000
132.000
106.000
111.000
121.000
87.000
127.000
96.000
102.000
143.000
112.000
119.000
94.000
135.000
108.000
125.000
135.000
113.000
123.000
118.000
125.000
136.000
105.000
112.000
127.000
102.000
130.000
108.000
109.000
116.000
122.000
127.000
99.000
106.000
142.000
111.000
117.000
99.000
135.000
121.000
126.000
136.000
115.000
114.000
122.000
96.000
136.000
109.000
115.000
121.000
93.000
133.000
105.000
113.000
119.000
122.000
131.000
99.000
105.000
145.000
110.000
117.000
91.000
132.000
113.000
124.000
132.000
106.000
111.000
113.000
119.000
144.000
116.000
127.000
98.000
104.000
145.000
117.000
124.000
131.000
102.000
141.000
116.000
120.000
89.000
95.000
136.000
108.000
114.000
155.000
116.000
122.000
102.000
114.000
96.000
104.000
148.000
126.000
126.000
99.000
105.000
144.000
119.000
125.000
98.000
103.000
144.000
116.000
124.000
125.000
97.000
137.000
109.000
114.000
154.000
115.000
123.000
98.000
112.000
91.000
105.000
145.000
118.000
125.000
99.000
104.000
145.000
118.000
126.000
131.000
103.000
143.000
116.000
123.000
93.000
98.000
138.000
111.000
117.000
157.000
118.000
125.000
100.000
140.000
118.000
105.000
145.000
118.000
125.000
133.000
106.000
146.000
118.000
124.000
130.000
104.000
144.000
116.000
122.000
94.000
134.000
105.000
109.000
115.000
155.000
89.000
105.000
101.000
103.000
114.000
140.000
111.000
118.000
123.000
132.000
138.000
115.000
117.000
125.000
130.000
138.000
109.000
116.000
120.000
130.000
137.000
102.000
108.000
113.000
154.000
89.000
93.000
100.000
97.000
103.000
136.000
111.000
118.000
124.000
97.000
137.000
110.000
118.000
123.000
132.000
136.000
109.000
114.000
121.000
94.000
134.000
103.000
108.000
114.000
156.000
84.000
91.000
96.000
89.000
94.000
134.000
112.000
119.000
124.000
101.000
149.000
111.000
118.000
124.000
130.000
136.000
111.000
114.000
121.000
94.000
133.000
104.000
111.000
115.000
155.000
88.000
91.000
97.000
137.000
95.000
136.000
112.000
117.000
125.000
97.000
137.000
110.000
117.000
123.000
130.000
136.000
108.000
117.000
119.000
89.000
130.000
101.000
109.000
111.000
151.000
108.000
87.000
94.000
87.000
94.000
135.000
111.000
119.000
124.000
97.000
137.000
111.000
119.000
125.000
130.000
138.000
108.000
115.000
120.000
89.000
129.000
101.000
109.000
115.000
156.000
105.000
92.000
100.000
104.000
109.000
131.000
111.000
118.000
125.000
131.000
138.000
112.000
118.000
124.000
97.000
137.000
116.000
116.000
119.000
89.000
133.000
101.000
105.000
116.000
152.000
110.000
90.000
98.000
97.000
102.000
135.000
112.000
117.000
125.000
131.000
137.000
111.000
118.000
124.000
131.000
136.000
110.000
116.000
122.000
94.000
135.000
106.000
110.000
123.000
155.000
107.000
93.000
100.000
112.000
90.000
133.000
120.000
118.000
128.000
106.000
150.000
126.000
117.000
124.000
131.000
136.000
106.000
115.000
120.000
90.000
130.000
105.000
108.000
114.000
155.000
82.000
90.000
96.000
88.000
93.000
133.000
112.000
118.000
125.000
131.000
138.000
111.000
118.000
124.000
135.000
143.000
107.000
113.000
123.000
91.000
132.000
103.000
111.000
114.000
154.000
87.000
92.000
101.000
113.000
112.000
127.000
109.000
115.000
127.000
97.000
137.000
110.000
117.000
126.000
129.000
135.000
108.000
115.000
121.000
92.000
132.000
104.000
107.000
113.000
153.000
102.000
88.000
94.000
89.000
96.000
135.000
110.000
118.000
124.000
97.000
137.000
109.000
116.000
123.000
95.000
136.000
108.000
116.000
121.000
93.000
133.000
106.000
109.000
115.000
154.000
106.000
85.000
92.000
89.000
94.000
105.000
111.000
118.000
124.000
130.000
104.000
111.000
117.000
125.000
131.000
105.000
111.000
116.000
123.000
129.000
100.000
105.000
109.000
115.000
155.000
77.000
92.000
104.000
128.000
138.000
127.000
110.000
117.000
123.000
131.000
104.000
112.000
118.000
124.000
130.000
104.000
109.000
115.000
121.000
126.000
99.000
106.000
109.000
115.000
155.000
75.000
94.000
96.000
112.000
120.000
110.000
111.000
117.000
124.000
130.000
105.000
112.000
117.000
125.000
130.000
102.000
109.000
113.000
122.000
126.000
100.000
103.000
108.000
114.000
154.000
78.000
94.000
99.000
112.000
120.000
99.000
108.000
115.000
121.000
129.000
100.000
108.000
114.000
126.000
128.000
101.000
111.000
113.000
121.000
125.000
97.000
103.000
106.000
113.000
154.000
82.000
101.000
100.000
104.000
119.000
102.000
108.000
115.000
126.000
128.000
104.000
110.000
118.000
123.000
130.000
103.000
110.000
116.000
121.000
128.000
99.000
104.000
110.000
113.000
154.000
76.000
93.000
100.000
103.000
