142.000
114.000
155.000
87.000
97.000
140.000
118.000
133.000
141.000
116.000
133.000
109.000
107.000
113.000
84.000
124.000
93.000
100.000
108.000
117.000
121.000
94.000
103.000
114.000
80.000
121.000
95.000
135.000
80.000
111.000
122.000
97.000
101.000
109.000
114.000
121.000
93.000
102.000
112.000
80.000
120.000
90.000
99.000
111.000
117.000
137.000
114.000
119.000
125.000
99.000
139.000
113.000
154.000
96.000
126.000
137.000
110.000
117.000
121.000
128.000
133.000
105.000
108.000
114.000
85.000
125.000
92.000
98.000
138.000
116.000
134.000
122.000
122.000
128.000
102.000
141.000
115.000
156.000
124.000
126.000
137.000
113.000
120.000
125.000
138.000
135.000
110.000
110.000
122.000
131.000
128.000
95.000
101.000
141.000
102.000
134.000
115.000
123.000
129.000
102.000
142.000
116.000
156.000
127.000
128.000
137.000
113.000
120.000
124.000
95.000
136.000
108.000
114.000
116.000
86.000
126.000
96.000
100.000
111.000
117.000
133.000
114.000
120.000
127.000
100.000
140.000
113.000
154.000
87.000
122.000
136.000
111.000
121.000
129.000
140.000
148.000
105.000
107.000
113.000
86.000
126.000
96.000
100.000
141.000
103.000
135.000
116.000
125.000
129.000
101.000
142.000
115.000
155.000
120.000
129.000
138.000
112.000
118.000
123.000
130.000
134.000
108.000
109.000
115.000
87.000
127.000
94.000
100.000
140.000
117.000
131.000
118.000
122.000
131.000
102.000
145.000
126.000
155.000
121.000
99.000
139.000
113.000
119.000
124.000
131.000
136.000
109.000
110.000
116.000
88.000
128.000
95.000
101.000
142.000
114.000
129.000
113.000
120.000
126.000
99.000
139.000
113.000
154.000
128.000
127.000
137.000
111.000
118.000
123.000
93.000
134.000
106.000
108.000
116.000
87.000
128.000
94.000
100.000
140.000
117.000
140.000
113.000
123.000
126.000
100.000
140.000
116.000
153.000
128.000
133.000
147.000
111.000
120.000
129.000
93.000
134.000
107.000
108.000
115.000
87.000
127.000
94.000
99.000
139.000
107.000
137.000
118.000
122.000
127.000
101.000
144.000
121.000
165.000
103.000
125.000
140.000
112.000
119.000
123.000
94.000
135.000
108.000
109.000
114.000
87.000
127.000
94.000
103.000
141.000
114.000
129.000
114.000
120.000
126.000
99.000
139.000
113.000
153.000
125.000
124.000
137.000
111.000
105.000
92.000
104.000
110.000
117.000
157.000
98.000
103.000
109.000
117.000
157.000
95.000
103.000
109.000
116.000
156.000
93.000
98.000
105.000
111.000
150.000
93.000
95.000
101.000
141.000
106.000
91.000
104.000
110.000
117.000
91.000
98.000
104.000
110.000
119.000
163.000
96.000
102.000
108.000
116.000
89.000
94.000
100.000
107.000
113.000
83.000
91.000
97.000
101.000
141.000
63.000
88.000
101.000
110.000
116.000
90.000
97.000
102.000
108.000
115.000
89.000
95.000
102.000
108.000
115.000
88.000
94.000
100.000
105.000
112.000
83.000
89.000
95.000
100.000
141.000
101.000
92.000
101.000
110.000
116.000
90.000
97.000
103.000
110.000
115.000
89.000
96.000
102.000
108.000
115.000
89.000
94.000
100.000
105.000
112.000
85.000
96.000
105.000
101.000
141.000
103.000
92.000
104.000
112.000
118.000
92.000
99.000
105.000
110.000
118.000
91.000
98.000
104.000
111.000
117.000
88.000
95.000
101.000
106.000
113.000
85.000
91.000
97.000
103.000
145.000
103.000
89.000
101.000
107.000
113.000
87.000
94.000
100.000
106.000
112.000
86.000
92.000
99.000
106.000
111.000
151.000
92.000
98.000
103.000
110.000
81.000
89.000
94.000
100.000
141.000
71.000
93.000
102.000
111.000
119.000
91.000
98.000
104.000
110.000
117.000
90.000
104.000
103.000
110.000
117.000
156.000
92.000
97.000
105.000
112.000
152.000
90.000
96.000
99.000
139.000
61.000
85.000
99.000
106.000
113.000
153.000
93.000
99.000
106.000
112.000
152.000
93.000
99.000
105.000
112.000
85.000
91.000
102.000
113.000
124.000
105.000
116.000
127.000
102.000
142.000
183.000
125.000
99.000
107.000
151.000
95.000
106.000
116.000
131.000
108.000
119.000
130.000
97.000
104.000
144.000
107.000
116.000
121.000
127.000
168.000
107.000
118.000
121.000
128.000
169.000
209.000
140.000
117.000
125.000
165.000
104.000
108.000
114.000
117.000
157.000
96.000
98.000
111.000
109.000
152.000
111.000
91.000
128.000
129.000
169.000
109.000
116.000
122.000
129.000
168.000
208.000
140.000
117.000
125.000
165.000
104.000
105.000
112.000
118.000
158.000
95.000
101.000
106.000
109.000
152.000
109.000
115.000
122.000
128.000
169.000
109.000
116.000
122.000
129.000
171.000
219.000
154.000
116.000
125.000
164.000
102.000
105.000
111.000
115.000
89.000
95.000
99.000
104.000
111.000
149.000
105.000
115.000
129.000
129.000
171.000
116.000
116.000
125.000
135.000
179.000
123.000
137.000
117.000
125.000
166.000
102.000
80.000
87.000
128.000
100.000
107.000
114.000
86.000
127.000
99.000
107.000
112.000
84.000
125.000
97.000
103.000
83.000
97.000
141.000
95.000
104.000
108.000
120.000
76.000
79.000
100.000
80.000
87.000
127.000
101.000
107.000
113.000
86.000
127.000
99.000
113.000
111.000
84.000
125.000
97.000
103.000
107.000
114.000
90.000
97.000
103.000
77.000
117.000
158.000
99.000
107.000
116.000
124.000
99.000
105.000
112.000
118.000
123.000
99.000
103.000
110.000
117.000
122.000
93.000
101.000
107.000
114.000
119.000
91.000
98.000
103.000
110.000
116.000
156.000
102.000
100.000
109.000
118.000
92.000
97.000
103.000
77.000
117.000
92.000
99.000
105.000
112.000
116.000
157.000
120.000
128.000
132.000
140.000
114.000
120.000
126.000
140.000
139.000
179.000
121.000
121.000
129.000
136.000
109.000
115.000
117.000
124.000
130.000
101.000
107.000
111.000
117.000
120.000
161.000
113.000
117.000
133.000
140.000
115.000
121.000
127.000
134.000
142.000
182.000
127.000
117.000
129.000
137.000
110.000
117.000
120.000
126.000
132.000
103.000
106.000
112.000
116.000
122.000
169.000
125.000
113.000
132.000
146.000
113.000
121.000
129.000
133.000
140.000
180.000
107.000
112.000
129.000
136.000
109.000
115.000
118.000
125.000
130.000
102.000
105.000
113.000
116.000
122.000
162.000
114.000
115.000
133.000
139.000
113.000
120.000
127.000
134.000
140.000
181.000
121.000
122.000
129.000
139.000
116.000
116.000
117.000
127.000
130.000
103.000
106.000
112.000
115.000
124.000
168.000
124.000
115.000
132.000
139.000
113.000
120.000
126.000
134.000
140.000
181.000
112.000
114.000
126.000
136.000
111.000
113.000
120.000
92.000
131.000
99.000
105.000
110.000
116.000
119.000
160.000
133.000
115.000
99.000
139.000
114.000
120.000
126.000
133.000
140.000
180.000
121.000
122.000
128.000
136.000
110.000
111.000
117.000
122.000
130.000
99.000
105.000
109.000
117.000
118.000
158.000
113.000
117.000
132.000
139.000
113.000
119.000
126.000
132.000
139.000
180.000
125.000
115.000
128.000
136.000
108.000
114.000
118.000
124.000
130.000
102.000
105.000
111.000
115.000
121.000
162.000
80.000
116.000
99.000
139.000
114.000
121.000
128.000
135.000
140.000
181.000
116.000
117.000
128.000
135.000
109.000
111.000
117.000
124.000
131.000
99.000
106.000
109.000
116.000
118.000
158.000
114.000
115.000
131.000
