99.000
124.000
136.000
107.000
148.000
119.000
126.000
131.000
136.000
142.000
112.000
119.000
125.000
128.000
131.000
172.000
97.000
119.000
113.000
153.000
130.000
133.000
140.000
146.000
97.000
111.000
129.000
136.000
143.000
147.000
121.000
127.000
131.000
105.000
144.000
115.000
121.000
125.000
132.000
130.000
170.000
101.000
119.000
144.000
155.000
132.000
142.000
137.000
143.000
94.000
107.000
129.000
135.000
142.000
146.000
119.000
125.000
131.000
103.000
144.000
115.000
120.000
125.000
131.000
132.000
173.000
99.000
118.000
113.000
152.000
127.000
134.000
144.000
146.000
102.000
104.000
134.000
137.000
147.000
151.000
122.000
129.000
132.000
138.000
142.000
113.000
121.000
126.000
131.000
138.000
174.000
101.000
132.000
110.000
150.000
124.000
135.000
146.000
145.000
186.000
106.000
128.000
136.000
143.000
150.000
125.000
134.000
144.000
138.000
145.000
115.000
120.000
127.000
131.000
133.000
173.000
101.000
140.000
110.000
150.000
124.000
131.000
138.000
146.000
97.000
99.000
125.000
138.000
142.000
149.000
121.000
129.000
131.000
137.000
140.000
113.000
119.000
123.000
130.000
132.000
173.000
99.000
134.000
111.000
150.000
124.000
131.000
138.000
144.000
96.000
99.000
124.000
137.000
109.000
149.000
121.000
128.000
132.000
103.000
143.000
114.000
119.000
122.000
133.000
137.000
181.000
100.000
119.000
111.000
152.000
125.000
132.000
138.000
144.000
98.000
98.000
123.000
136.000
143.000
149.000
119.000
124.000
130.000
136.000
142.000
113.000
119.000
124.000
129.000
132.000
173.000
102.000
134.000
144.000
155.000
126.000
132.000
138.000
145.000
185.000
111.000
129.000
140.000
143.000
148.000
120.000
126.000
132.000
103.000
143.000
112.000
118.000
125.000
129.000
132.000
173.000
102.000
136.000
110.000
150.000
124.000
132.000
138.000
144.000
185.000
120.000
130.000
136.000
143.000
114.000
121.000
127.000
130.000
136.000
108.000
115.000
117.000
124.000
127.000
99.000
139.000
101.000
135.000
146.000
124.000
123.000
129.000
135.000
142.000
183.000
118.000
107.000
139.000
141.000
112.000
120.000
123.000
129.000
135.000
108.000
113.000
115.000
122.000
129.000
99.000
140.000
117.000
