124.000
161.000
105.000
107.000
113.000
153.000
110.000
91.000
105.000
113.000
118.000
157.000
128.000
100.000
108.000
110.000
150.000
83.000
88.000
92.000
78.000
117.000
96.000
108.000
116.000
126.000
163.000
103.000
108.000
113.000
153.000
125.000
92.000
106.000
112.000
115.000
155.000
124.000
99.000
104.000
106.000
146.000
85.000
88.000
92.000
132.000
119.000
116.000
107.000
116.000
120.000
160.000
100.000
104.000
112.000
159.000
116.000
94.000
107.000
112.000
115.000
155.000
95.000
98.000
105.000
108.000
148.000
82.000
86.000
90.000
130.000
111.000
92.000
113.000
123.000
125.000
165.000
106.000
112.000
117.000
157.000
131.000
94.000
110.000
117.000
115.000
155.000
129.000
102.000
105.000
111.000
151.000
89.000
88.000
93.000
78.000
118.000
101.000
117.000
118.000
124.000
164.000
138.000
107.000
115.000
152.000
122.000
94.000
106.000
114.000
113.000
153.000
125.000
99.000
105.000
106.000
146.000
118.000
87.000
90.000
130.000
116.000
99.000
111.000
117.000
123.000
163.000
104.000
113.000
113.000
156.000
116.000
107.000
105.000
117.000
124.000
157.000
94.000
100.000
103.000
110.000
150.000
86.000
89.000
91.000
131.000
117.000
103.000
111.000
116.000
123.000
163.000
106.000
109.000
115.000
155.000
117.000
95.000
106.000
111.000
118.000
158.000
100.000
107.000
106.000
111.000
151.000
87.000
94.000
91.000
76.000
116.000
97.000
110.000
115.000
127.000
175.000
119.000
107.000
114.000
161.000
128.000
93.000
106.000
114.000
115.000
155.000
92.000
99.000
102.000
111.000
149.000
86.000
87.000
92.000
78.000
117.000
82.000
109.000
115.000
124.000
164.000
101.000
108.000
116.000
156.000
123.000
95.000
106.000
114.000
115.000
155.000
128.000
99.000
103.000
109.000
149.000
85.000
86.000
91.000
131.000
119.000
98.000
105.000
119.000
120.000
160.000
100.000
110.000
115.000
158.000
128.000
90.000
104.000
113.000
118.000
155.000
128.000
98.000
105.000
109.000
149.000
86.000
89.000
92.000
78.000
118.000
105.000
109.000
115.000
122.000
162.000
112.000
118.000
126.000
151.000
122.000
89.000
102.000
107.000
148.000
117.000
89.000
97.000
103.000
143.000
111.000
86.000
92.000
91.000
131.000
103.000
78.000
90.000
98.000
138.000
111.000
81.000
87.000
92.000
132.000
172.000
91.000
93.000
101.000
141.000
112.000
85.000
96.000
102.000
142.000
115.000
87.000
95.000
94.000
134.000
106.000
79.000
89.000
97.000
138.000
109.000
83.000
91.000
98.000
138.000
185.000
116.000
95.000
103.000
140.000
114.000
125.000
108.000
120.000
147.000
91.000
98.000
104.000
111.000
151.000
123.000
103.000
108.000
110.000
151.000
90.000
97.000
104.000
110.000
150.000
123.000
97.000
103.000
110.000
150.000
90.000
96.000
102.000
108.000
148.000
121.000
94.000
102.000
109.000
149.000
122.000
95.000
115.000
112.000
151.000
125.000
97.000
104.000
109.000
150.000
123.000
96.000
103.000
109.000
149.000
88.000
95.000
102.000
106.000
146.000
128.000
100.000
106.000
109.000
114.000
100.000
95.000
117.000
127.000
134.000
142.000
182.000
120.000
122.000
134.000
140.000
115.000
121.000
125.000
133.000
137.000
110.000
115.000
122.000
126.000
132.000
102.000
108.000
113.000
116.000
101.000
104.000
115.000
127.000
136.000
142.000
182.000
113.000
116.000
134.000
141.000
115.000
122.000
126.000
133.000
139.000
112.000
116.000
123.000
127.000
132.000
102.000
108.000
120.000
116.000
102.000
142.000
115.000
128.000
135.000
141.000
182.000
226.000
158.000
133.000
140.000
115.000
120.000
126.000
132.000
139.000
110.000
117.000
121.000
128.000
132.000
104.000
108.000
113.000
116.000
102.000
99.000
115.000
128.000
135.000
142.000
182.000
128.000
126.000
134.000
141.000
114.000
121.000
125.000
139.000
150.000
110.000
125.000
137.000
128.000
130.000
103.000
107.000
113.000
115.000
109.000
112.000
115.000
127.000
134.000
141.000
189.000
127.000
123.000
133.000
144.000
114.000
119.000
126.000
135.000
138.000
110.000
116.000
120.000
126.000
130.000
103.000
108.000
116.000
116.000
101.000
89.000
117.000
128.000
136.000
143.000
186.000
134.000
124.000
134.000
141.000
115.000
120.000
127.000
132.000
139.000
110.000
117.000
121.000
127.000
131.000
101.000
107.000
111.000
117.000
100.000
107.000
115.000
129.000
138.000
177.000
150.000
120.000
121.000
135.000
175.000
116.000
122.000
126.000
133.000
173.000
113.000
114.000
121.000
127.000
96.000
103.000
108.000
135.000
112.000
112.000
152.000
128.000
138.000
148.000
122.000
166.000
140.000
150.000
91.000
135.000
128.000
121.000
128.000
142.000
118.000
162.000
128.000
169.000
125.000
142.000
154.000
126.000
133.000
105.000
111.000
151.000
121.000
128.000
134.000
105.000
145.000
116.000
122.000
90.000
130.000
120.000
123.000
133.000
144.000
114.000
155.000
128.000
167.000
121.000
142.000
153.000
126.000
133.000
106.000
110.000
151.000
123.000
129.000
133.000
105.000
146.000
114.000
121.000
88.000
128.000
119.000
117.000
133.000
140.000
114.000
155.000
127.000
167.000
105.000
114.000
154.000
127.000
134.000
106.000
112.000
151.000
123.000
130.000
134.000
103.000
144.000
115.000
121.000
121.000
128.000
122.000
108.000
124.000
109.000
114.000
155.000
127.000
167.000
106.000
114.000
154.000
126.000
133.000
140.000
111.000
106.000
113.000
119.000
92.000
98.000
139.000
121.000
112.000
152.000
100.000
107.000
114.000
120.000
94.000
100.000
111.000
113.000
120.000
94.000
100.000
107.000
112.000
118.000
158.000
100.000
106.000
112.000
119.000
92.000
99.000
140.000
136.000
120.000
93.000
100.000
106.000
113.000
120.000
93.000
99.000
106.000
113.000
119.000
92.000
100.000
105.000
110.000
117.000
93.000
99.000
106.000
116.000
119.000
93.000
100.000
140.000
118.000
108.000
149.000
100.000
107.000
114.000
120.000
94.000
101.000
107.000
114.000
120.000
93.000
99.000
106.000
112.000
118.000
159.000
96.000
104.000
111.000
118.000
93.000
99.000
139.000
124.000
121.000
94.000
101.000
108.000
114.000
121.000
161.000
101.000
112.000
114.000
120.000
101.000
101.000
110.000
114.000
116.000
156.000
123.000
109.000
133.000
139.000
113.000
120.000
160.000
154.000
138.000
179.000
118.000
123.000
131.000
136.000
109.000
115.000
122.000
126.000
132.000
172.000
107.000
114.000
117.000
121.000
162.000
120.000
106.000
134.000
140.000
114.000
120.000
161.000
136.000
128.000
112.000
120.000
125.000
132.000
138.000
111.000
116.000
124.000
128.000
133.000
173.000
108.000
114.000
118.000
125.000
165.000
123.000
125.000
135.000
141.000
115.000
122.000
162.000
155.000
139.000
179.000
121.000
126.000
132.000
139.000
110.000
117.000
122.000
128.000
137.000
104.000
111.000
116.000
119.000
124.000
164.000
121.000
128.000
139.000
150.000
116.000
127.000
163.000
121.000
153.000
131.000
122.000
126.000
133.000
139.000
111.000
118.000
123.000
130.000
130.000
103.000
110.000
113.000
120.000
120.000
160.000
126.000
127.000
136.000
147.000
116.000
127.000
164.000
156.000
141.000
114.000
122.000
127.000
134.000
139.000
112.000
119.000
122.000
129.000
130.000
103.000
110.000
116.000
119.000
122.000
162.000
124.000
129.000
136.000
143.000
124.000
123.000
164.000
157.000
142.000
114.000
122.000
128.000
134.000
139.000
111.000
118.000
123.000
129.000
132.000
103.000
111.000
115.000
120.000
121.000
160.000
122.000
125.000
137.000
143.000
117.000
124.000
165.000
142.000
128.000
119.000
122.000
128.000
135.000
140.000
113.000
123.000
127.000
131.000
170.000
106.000
108.000
115.000
124.000
160.000
131.000
138.000
120.000
133.000
173.000
150.000
120.000
159.000
136.000
135.000
117.000
118.000
129.000
130.000
174.000
110.000
118.000
129.000
137.000
165.000
104.000
108.000
114.000
116.000
156.000
130.000
139.000
123.000
134.000
174.000
115.000
126.000
164.000
141.000
148.000
115.000
155.000
128.000
134.000
173.000
113.000
117.000
123.000
127.000
171.000
118.000
108.000
115.000
117.000
157.000
131.000
122.000
121.000
136.000
175.000
114.000
125.000
161.000
133.000
140.000
112.000
120.000
127.000
132.000
172.000
112.000
117.000
123.000
127.000
167.000
104.000
110.000
113.000
120.000
160.000
130.000
135.000
117.000
136.000
176.000
117.000
123.000
163.000
145.000
152.000
115.000
119.000
126.000
133.000
173.000
113.000
117.000
124.000
126.000
166.000
106.000
109.000
115.000
116.000
157.000
129.000
139.000
124.000
135.000
175.000
120.000
122.000
163.000
138.000
145.000
116.000
122.000
129.000
132.000
172.000
146.000
116.000
123.000
126.000
167.000
106.000
107.000
114.000
117.000
157.000
130.000
140.000
124.000
133.000
174.000
112.000
119.000
159.000
135.000
135.000
113.000
118.000
125.000
130.000
170.000
113.000
113.000
120.000
130.000
166.000
102.000
105.000
111.000
120.000
156.000
128.000
146.000
136.000
135.000
176.000
116.000
123.000
166.000
137.000
136.000
116.000
121.000
128.000
133.000
173.000
112.000
116.000
123.000
126.000
166.000
105.000
108.000
115.000
117.000
111.000
152.000
124.000
131.000
101.000
103.000
144.000
116.000
126.000
108.000
113.000
157.000
132.000
139.000
113.000
153.000
105.000
117.000
142.000
144.000
119.000
155.000
129.000
137.000
142.000
110.000
151.000
124.000
131.000
102.000
108.000
145.000
120.000
122.000
108.000
110.000
150.000
140.000
140.000
113.000
153.000
94.000
111.000
138.000
113.000
117.000
157.000
130.000
137.000
142.000
112.000
152.000
125.000
131.000
102.000
143.000
111.000
117.000
120.000
124.000
131.000
118.000
131.000
147.000
113.000
152.000
196.000
131.000
134.000
146.000
152.000
124.000
131.000
135.000
108.000
153.000
130.000
125.000
133.000
98.000
137.000
111.000
116.000
119.000
127.000
134.000
120.000
132.000
139.000
146.000
153.000
194.000
150.000
138.000
111.000
151.000
124.000
130.000
137.000
109.000
149.000
123.000
125.000
127.000
98.000
138.000
110.000
117.000
121.000
127.000
132.000
120.000
132.000
137.000
148.000
152.000
192.000
130.000
132.000
144.000
151.000
124.000
130.000
139.000
142.000
146.000
118.000
133.000
140.000
135.000
137.000
110.000
116.000
128.000
137.000
133.000
118.000
129.000
137.000
112.000
153.000
193.000
148.000
137.000
143.000
150.000
123.000
129.000
136.000
107.000
148.000
117.000
124.000
127.000
124.000
139.000
131.000
138.000
143.000
113.000
119.000
123.000
128.000
133.000
177.000
124.000
120.000
144.000
150.000
124.000
130.000
137.000
177.000
144.000
122.000
127.000
135.000
108.000
148.000
119.000
127.000
132.000
102.000
142.000
115.000
118.000
125.000
128.000
133.000
174.000
144.000
126.000
113.000
154.000
125.000
132.000
142.000
178.000
143.000
123.000
130.000
137.000
145.000
150.000
122.000
127.000
134.000
137.000
143.000
114.000
120.000
123.000
129.000
133.000
173.000
94.000
124.000
141.000
152.000
124.000
130.000
137.000
177.000
134.000
124.000
129.000
136.000
109.000
149.000
120.000
127.000
131.000
137.000
142.000
115.000
122.000
124.000
130.000
141.000
174.000
110.000
126.000
143.000
150.000
124.000
130.000
137.000
177.000
123.000
122.000
129.000
134.000
142.000
147.000
121.000
128.000
133.000
102.000
142.000
115.000
