125.000
150.000
191.000
121.000
125.000
107.000
147.000
118.000
128.000
96.000
99.000
139.000
111.000
118.000
89.000
90.000
130.000
170.000
111.000
126.000
110.000
150.000
122.000
130.000
103.000
111.000
159.000
203.000
98.000
96.000
105.000
146.000
118.000
124.000
95.000
98.000
138.000
109.000
117.000
86.000
90.000
134.000
168.000
113.000
131.000
111.000
151.000
124.000
131.000
105.000
110.000
153.000
197.000
141.000
130.000
108.000
150.000
126.000
124.000
127.000
102.000
139.000
114.000
115.000
88.000
91.000
132.000
172.000
92.000
101.000
108.000
148.000
122.000
128.000
102.000
108.000
149.000
189.000
139.000
126.000
137.000
146.000
119.000
122.000
131.000
100.000
140.000
109.000
116.000
87.000
89.000
129.000
169.000
96.000
101.000
111.000
148.000
121.000
128.000
136.000
109.000
149.000
188.000
121.000
128.000
105.000
146.000
118.000
124.000
93.000
96.000
136.000
109.000
114.000
122.000
91.000
131.000
170.000
93.000
108.000
109.000
149.000
122.000
128.000
101.000
111.000
149.000
191.000
147.000
126.000
105.000
146.000
120.000
121.000
127.000
101.000
141.000
110.000
117.000
87.000
89.000
130.000
170.000
94.000
131.000
108.000
149.000
122.000
128.000
136.000
108.000
148.000
189.000
96.000
97.000
105.000
146.000
119.000
124.000
95.000
98.000
138.000
111.000
118.000
88.000
89.000
128.000
169.000
111.000
128.000
110.000
150.000
123.000
130.000
102.000
108.000
148.000
188.000
130.000
129.000
105.000
146.000
117.000
124.000
94.000
99.000
139.000
112.000
115.000
84.000
90.000
131.000
170.000
89.000
124.000
143.000
116.000
122.000
128.000
102.000
143.000
118.000
162.000
114.000
125.000
137.000
115.000
118.000
132.000
94.000
135.000
105.000
111.000
113.000
86.000
132.000
94.000
134.000
109.000
132.000
142.000
115.000
122.000
128.000
102.000121.000
92.000
95.000
100.000
140.000
96.000
104.000
114.000
121.000
162.000
102.000
109.000
115.000
120.000
161.000
200.000
130.000
109.000
117.000
157.000
130.000
99.000
106.000
112.000
151.000
88.000
95.000
99.000
100.000
140.000
101.000
110.000
113.000
120.000
161.000
101.000
109.000
118.000
121.000
162.000
204.000
131.000
108.000
120.000
164.000
131.000
98.000
104.000
119.000
152.000
120.000
93.000
104.000
110.000
154.000
179.000
135.000
115.000
121.000
161.000
105.000
149.000
115.000
122.000
162.000
