157.000
126.000
84.000
111.000
102.000
142.000
85.000
89.000
129.000
97.000
134.000
105.000
112.000
117.000
124.000
164.000
103.000
109.000
125.000
135.000
163.000
107.000
117.000
125.000
137.000
161.000
129.000
89.000
90.000
116.000
160.000
104.000
91.000
131.000
94.000
138.000
105.000
115.000
118.000
124.000
168.000
112.000
127.000
117.000
123.000
164.000
101.000
108.000
117.000
120.000
164.000
137.000
89.000
85.000
107.000
147.000
87.000
92.000
131.000
94.000
90.000
103.000
110.000
116.000
123.000
164.000
104.000
109.000
116.000
122.000
163.000
102.000
108.000
112.000
120.000
89.000
130.000
91.000
85.000
109.000
149.000
88.000
90.000
130.000
93.000
134.000
107.000
122.000
116.000
122.000
162.000
101.000
107.000
115.000
155.000
98.000
107.000
105.000
112.000
152.000
92.000
136.000
106.000
134.000
146.000
124.000
100.000
90.000
130.000
113.000
104.000
100.000
107.000
114.000
154.000
135.000
112.000
126.000
113.000
153.000
131.000
104.000
104.000
110.000
154.000
131.000
129.000
104.000
128.000
136.000
111.000
87.000
92.000
132.000
114.000
106.000
97.000
107.000
113.000
153.000
94.000
99.000
105.000
113.000
153.000
126.000
100.000
105.000
112.000
151.000
90.000
129.000
170.000
129.000
132.000
86.000
96.000
96.000
136.000
134.000
92.000
99.000
107.000
113.000
153.000
94.000
100.000
106.000
113.000
152.000
126.000
98.000
107.000
110.000
150.000
91.000
131.000
175.000
124.000
134.000
113.000
96.000
96.000
136.000
129.000
113.000
100.000
108.000
113.000
153.000
127.000
100.000
107.000
115.000
154.000
93.000
100.000
106.000
112.000
152.000
94.000
130.000
87.000
115.000
123.000
112.000
86.000
88.000
74.000
114.000
87.000
100.000
107.000
114.000
155.000
128.000
101.000
108.000
113.000
153.000
94.000
100.000
106.000
112.000
151.000
124.000
129.000
169.000
115.000
123.000
112.000
89.000
90.000
130.000
114.000
107.000
102.000
107.000
114.000
154.000
127.000
100.000
107.000
113.000
153.000
94.000
97.000
104.000
110.000
150.000
121.000
129.000
169.000
125.000
133.000
114.000
86.000
92.000
132.000
114.000
105.000
100.000
108.000
115.000
159.000
135.000
101.000
109.000
115.000
156.000
128.000
99.000
104.000
110.000
150.000
128.000
130.000
174.000
115.000
123.000
112.000
86.000
89.000
129.000
114.000
108.000
101.000
107.000
115.000
154.000
127.000
100.000
108.000
114.000
154.000
135.000
100.000
109.000
118.000
151.000
97.000
141.000
115.000
127.000
133.000
114.000
89.000
95.000
135.000
128.000
113.000
100.000
107.000
114.000
154.000
129.000
102.000
107.000
114.000
153.000
127.000
98.000
105.000
111.000
151.000
90.000
130.000
171.000
111.000
119.000
111.000
86.000
90.000
131.000
113.000
104.000
99.000
106.000
113.000
153.000
92.000
99.000
106.000
113.000
153.000
127.000
99.000
102.000
111.000
150.000
87.000
126.000
103.000
128.000
136.000
110.000
86.000
90.000
130.000
113.000
104.000
101.000
108.000
114.000
154.000
128.000
102.000
109.000
113.000
154.000
128.000
100.000
106.000
110.000
150.000
124.000
129.000
83.000
80.000
120.000
112.000
82.000
88.000
128.000
114.000
106.000
100.000
107.000
114.000
154.000
127.000
101.000
106.000
113.000
154.000
125.000
98.000
103.000
111.000
152.000
123.000
129.000
104.000
131.000
137.000
83.000
90.000
95.000
136.000
131.000
113.000
100.000
107.000
114.000
154.000
94.000
101.000
108.000
113.000
153.000
127.000
97.000
105.000
109.000
149.000
123.000
127.000
101.000
95.000
135.000
112.000
85.000
90.000
77.000
117.000
106.000
99.000
105.000
144.000
118.000
125.000
99.000
104.000
144.000
118.000
91.000
99.000
102.000
142.000
115.000
87.000
127.000
167.000
84.000
100.000
112.000
89.000
95.000
135.000
107.000
114.000
89.000
95.000
136.000
108.000
115.000
88.000
92.000
132.000
105.000
112.000
84.000
90.000
129.000
101.000
107.000
112.000
109.000
116.000
104.000
111.000
85.000
90.000
129.000
102.000
110.000
83.000
89.000
130.000
102.000
110.000
84.000
90.000
130.000
102.000
108.000
81.000
87.000
127.000
99.000
91.000
98.000
105.000
145.000
98.000
94.000
101.000
110.000
84.000
123.000
96.000
102.000
108.000
82.000
122.000
96.000
102.000
110.000
82.000
123.000
95.000
100.000
107.000
78.000
118.000
92.000
97.000
102.000
142.000
107.000
99.000
112.000
128.000
139.000
130.000
103.000
113.000
116.000
90.000
130.000
105.000
108.000
116.000
87.000
131.000
100.000
105.000
112.000
83.000
123.000
95.000
106.000
121.000
146.000
107.000
99.000
105.000
112.000
84.000
124.000
100.000
103.000
110.000
87.000
124.000
99.000
110.000
108.000
82.000
130.000
95.000
101.000
108.000
79.000
123.000
104.000
98.000
104.000
145.000
103.000
99.000
108.000
116.000
89.000
133.000
103.000
110.000
117.000
90.000
133.000
101.000
113.000
115.000
87.000
131.000
108.000
106.000
112.000
83.000
123.000
96.000
100.000
105.000
146.000
107.000
98.000
106.000
116.000
89.000
130.000
103.000
109.000
116.000
90.000
129.000
103.000
107.000
113.000
88.000
128.000
100.000
105.000
111.000
83.000
122.000
95.000
99.000
106.000
146.000
104.000
98.000
106.000
117.000
90.000
130.000
103.000
109.000
116.000
90.000
133.000
103.000
110.000
116.000
88.000
128.000
100.000
106.000
112.000
84.000
127.000
95.000
103.000
114.000
148.000
105.000
99.000
107.000
117.000
88.000
128.000
106.000
109.000
115.000
88.000
128.000
102.000
107.000
112.000
87.000
127.000
98.000
105.000
110.000
117.000
88.000
95.000
99.000
106.000
146.000
85.000
101.000
107.000
115.000
120.000
161.000
101.000
116.000
125.000
136.000
106.000
113.000
120.000
127.000
136.000
112.000
112.000
117.000
124.000
131.000
104.000
109.000
116.000
121.000
161.000
72.000
102.000
108.000
115.000
122.000
162.000
125.000
116.000
127.000
133.000
107.000
113.000
119.000
126.000
133.000
107.000
112.000
118.000
124.000
131.000
104.000
111.000
115.000
121.000
161.000
84.000
100.000
106.000
113.000
120.000
160.000
99.000
114.000
124.000
132.000
106.000
112.000
117.000
124.000
131.000
104.000
110.000
120.000
122.000
130.000
104.000
108.000
114.000
120.000
161.000
89.000
101.000
107.000
115.000
120.000
160.000
101.000
119.000
132.000
131.000
106.000
113.000
118.000
126.000
131.000
105.000
111.000
116.000
125.000
137.000
113.000
109.000
113.000
121.000
164.000
93.000
102.000
109.000
117.000
124.000
164.000
97.000
114.000
124.000
134.000
105.000
111.000
119.000
125.000
133.000
105.000
112.000
116.000
124.000
130.000
103.000
108.000
115.000
120.000
64.000
76.000
100.000
107.000
113.000
120.000
160.000
94.000
115.000
126.000
132.000
109.000
112.000
122.000
99.000
143.000
105.000
112.000
117.000
124.000
131.000
104.000
110.000
114.000
120.000
161.000
87.000
101.000
111.000
122.000
119.000
160.000
119.000
114.000
127.000
132.000
107.000
114.000
121.000
126.000
132.000
106.000
112.000
117.000
124.000
130.000
109.000
111.000
115.000
123.000
163.000
73.000
100.000
111.000
114.000
121.000
165.000
138.000
113.000
126.000
134.000
110.000
114.000
119.000
127.000
134.000
106.000
112.000
126.000
124.000
135.000
105.000
111.000
115.000
122.000
163.000
82.000
96.000
103.000
112.000
118.000
155.000
75.000
111.000
123.000
132.000
104.000
112.000
118.000
125.000
130.000
105.000
110.000
117.000
124.000
130.000
103.000
108.000
114.000
119.000
160.000
87.000
101.000
108.000
116.000
121.000
162.000
124.000
116.000
127.000
133.000
106.000
114.000
118.000
125.000
132.000
105.000
112.000
116.000
125.000
131.000
106.000
111.000
117.000
122.000
163.000
71.000
101.000
108.000
115.000
122.000
162.000
130.000
112.000
127.000
135.000
108.000
114.000
121.000
127.000
134.000
108.000
113.000
120.000
126.000
133.000
105.000
111.000
116.000
123.000
162.000
85.000
102.000
108.000
115.000
120.000
161.000
88.000
115.000
127.000
134.000
107.000
114.000
121.000
126.000
133.000
107.000
113.000
118.000
124.000
132.000
104.000
110.000
115.000
123.000
163.000
85.000
100.000
108.000
115.000
121.000
162.000
104.000
116.000
126.000
137.000
106.000
117.000
121.000
127.000
132.000
110.000
120.000
118.000
124.000
132.000
105.000
