112.000
152.000
93.000
98.000
105.000
112.000
152.000
125.000
98.000
139.000
121.000
128.000
95.000
102.000
108.000
115.000
156.000
128.000
101.000
108.000
114.000
154.000
127.000
100.000
108.000
112.000
152.000
92.000
98.000
105.000
112.000
152.000
125.000
100.000
140.000
121.000
126.000
95.000
102.000
109.000
115.000
155.000
128.000
102.000
108.000
115.000
154.000
93.000
100.000
106.000
112.000
152.000
92.000
99.000
106.000
112.000
152.000
126.000
99.000
139.000
116.000
123.000
93.000
101.000
108.000
115.000
155.000
128.000
101.000
108.000
118.000
154.000
98.000
112.000
106.000
113.000
152.000
125.000
99.000
105.000
112.000
152.000
92.000
98.000
139.000
111.000
118.000
99.000
103.000
109.000
115.000
155.000
95.000
102.000
108.000
114.000
154.000
98.000
101.000
107.000
112.000
152.000
93.000
97.000
107.000
111.000
151.000
92.000
99.000
139.000
107.000
112.000
95.000
102.000
108.000
114.000
154.000
94.000
102.000
108.000
114.000
154.000
128.000
100.000
107.000
112.000
152.000
92.000
98.000
105.000
113.000
153.000
95.000
98.000
138.000
110.000
116.000
95.000
101.000
112.000
116.000
156.000
128.000
101.000
112.000
149.000
122.000
93.000
100.000
107.000
150.000
115.000
114.000
123.000
129.000
169.000
146.000
157.000
124.000
163.000
112.000
125.000
120.000
119.000
126.000
166.000
139.000
149.000
116.000
118.000
158.000
130.000
101.000
107.000
109.000
149.000
189.000
115.000
127.000
129.000
173.000
143.000
118.000
123.000
164.000
106.000
122.000
113.000
120.000
126.000
166.000
140.000
146.000
117.000
118.000
158.000
130.000
137.000
108.000
110.000
150.000
190.000
127.000
123.000
129.000
169.000
143.000
118.000
123.000
163.000
118.000
115.000
112.000
120.000
126.000
166.000
138.000
145.000
115.000
117.000
157.000
133.000
113.000
106.000
116.000
148.000
188.000
130.000
122.000
