105.000
146.000
116.000
125.000
124.000
133.000
109.000
112.000
152.000
119.000
87.000
95.000
100.000
141.000
114.000
119.000
124.000
141.000
145.000
129.000
103.000
111.000
116.000
156.000
130.000
105.000
146.000
118.000
125.000
126.000
102.000
110.000
110.000
150.000
121.000
94.000
100.000
100.000
140.000
116.000
83.000
123.000
107.000
147.000
129.000
105.000
117.000
117.000
157.000
127.000
106.000
146.000
88.000
125.000
130.000
102.000
106.000
111.000
151.000
118.000
126.000
97.000
100.000
140.000
112.000
80.000
121.000
124.000
139.000
145.000
105.000
111.000
117.000
157.000
131.000
114.000
162.000
136.000
152.000
161.000
137.000
146.000
112.000
155.000
128.000
126.000
95.000
99.000
139.000
114.000
92.000
122.000
81.000
121.000
124.000
110.000
121.000
130.000
155.000
128.000
103.000
143.000
116.000
124.000
125.000
133.000
106.000
110.000
150.000
122.000
94.000
96.000
103.000
143.000
116.000
83.000
123.000
118.000
125.000
122.000
105.000
110.000
117.000
157.000
128.000
107.000
147.000
119.000
126.000
130.000
102.000
108.000
111.000
151.000
119.000
125.000
95.000
99.000
140.000
113.000
84.000
126.000
85.000
125.000
124.000
110.000
110.000
117.000
157.000
127.000
102.000
142.000
121.000
127.000
130.000
102.000
107.000
111.000
151.000
121.000
93.000
96.000
102.000
142.000
116.000
125.000
126.000
106.000
149.000
132.000
100.000
108.000
121.000
169.000
145.000
99.000
140.000
115.000
123.000
129.000
100.000
104.000
109.000
149.000
120.000
97.000
110.000
102.000
143.000
117.000
127.000
119.000
143.000
143.000
128.000
135.000
110.000
115.000
156.000
128.000
102.000
143.000
117.000
125.000
130.000
104.000
108.000
111.000
151.000
123.000
134.000
106.000
101.000
144.000
113.000
117.000
118.000
102.000
143.000
132.000
111.000
108.000
113.000
154.000
125.000
106.000
144.000
115.000
122.000
135.000
100.000
107.000
109.000
149.000
119.000
124.000
96.000
102.000
142.000
113.000
79.000
122.000
112.000
94.000
115.000
99.000
108.000
148.000
122.000
131.000
102.000
142.000
90.000
97.000
126.000
98.000
100.000
141.000
113.000
119.000
91.000
96.000
139.000
114.000
124.000
80.000
123.000
112.000
110.000
125.000
99.000
108.000
148.000
122.000
127.000
103.000
144.000
102.000
111.000
124.000
103.000
107.000
147.000
116.000
119.000
92.000
96.000
137.000
106.000
111.000
79.000
119.000
104.000
90.000
115.000
101.000
108.000
148.000
123.000
130.000
101.000
142.000
102.000
113.000
124.000
134.000
108.000
148.000
123.000
131.000
91.000
95.000
138.000
111.000
111.000
79.000
119.000
103.000
89.000
