118.000
111.000
147.000
120.000
127.000
134.000
141.000
182.000
114.000
124.000
130.000
138.000
145.000
120.000
123.000
130.000
134.000
174.000
114.000
117.000
124.000
127.000
101.000
103.000
145.000
116.000
128.000
169.000
121.000
128.000
135.000
142.000
183.000
124.000
124.000
133.000
139.000
111.000
118.000
125.000
129.000
136.000
176.000
118.000
116.000
123.000
127.000
101.000
106.000
146.000
101.000
132.000
177.000
121.000
135.000
134.000
141.000
181.000
135.000
156.000
130.000
137.000
116.000
119.000
126.000
130.000
136.000
177.000
114.000
118.000
124.000
128.000
168.000
104.000
144.000
121.000
132.000
172.000
122.000
127.000
135.000
141.000
182.000
123.000
123.000
130.000
138.000
110.000
118.000
123.000
130.000
134.000
107.000
111.000
118.000
122.000
127.000
168.000
102.000
142.000
103.000
134.000
117.000
122.000
128.000
135.000
142.000
182.000
224.000
151.000
130.000
139.000
113.000
119.000
126.000
129.000
