133.000
108.000
113.000
118.000
91.000
131.000
104.000
111.000
83.000
89.000
129.000
101.000
104.000
112.000
119.000
73.000
86.000
105.000
84.000
90.000
133.000
103.000
113.000
83.000
89.000
129.000
103.000
109.000
115.000
91.000
128.000
101.000
108.000
114.000
87.000
127.000
99.000
105.000
112.000
118.000
71.000
83.000
105.000
116.000
90.000
130.000
106.000
117.000
83.000
89.000
132.000
110.000
109.000
115.000
88.000
128.000
101.000
107.000
117.000
86.000
129.000
106.000
105.000
111.000
117.000
75.000
88.000
109.000
121.000
96.000
135.000
115.000
130.000
87.000
93.000
134.000
107.000
113.000
119.000
93.000
135.000
111.000
111.000
85.000
87.000
127.000
100.000
107.000
79.000
119.000
73.000
89.000
111.000
122.000
96.000
136.000
109.000
116.000
123.000
96.000
136.000
109.000
115.000
121.000
92.000
132.000
105.000
112.000
84.000
90.000
129.000
103.000
108.000
113.000
119.000
75.000
89.000
110.000
121.000
96.000
139.000
116.000
117.000
89.000
95.000
142.000
119.000
114.000
121.000
92.000
135.000
105.000
112.000
84.000
89.000
129.000
101.000
107.000
79.000
119.000
73.000
89.000
111.000
122.000
96.000
136.000
110.000
116.000
89.000
95.000
135.000
108.000
115.000
122.000
129.000
169.000
129.000
108.000
111.000
117.000
123.000
125.000
97.000
100.000
107.000
120.000
120.000
109.000
120.000
125.000
99.000
139.000
112.000
120.000
161.000
103.000
134.000
110.000
120.000
119.000
128.000
141.000
105.000
113.000
116.000
122.000
127.000
97.000
99.000
104.000
114.000
123.000
109.000
119.000
126.000
132.000
139.000
114.000
119.000
160.000
126.000
133.000
107.000
113.000
119.000
128.000
133.000
105.000
110.000
116.000
122.000
124.000
96.000
101.000
104.000
116.000
122.000
110.000
119.000
125.000
99.000
140.000
113.000
120.000
160.000
105.000
133.000
110.000
114.000
120.000
128.000
135.000
108.000
118.000
125.000
140.000
124.000
99.000
111.000
105.000
116.000
122.000
111.000
119.000
127.000
133.000
140.000
113.000
122.000
160.000
132.000
144.000
106.000
112.000
119.000
128.000
134.000
106.000
112.000
116.000
123.000
125.000
99.000
99.000
104.000
115.000
122.000
111.000
120.000
127.000
99.000
140.000
114.000
120.000
160.000
109.000
137.000
108.000
113.000
119.000
129.000
135.000
