134.000
111.000
122.000
119.000
162.000
135.000
103.000
119.000
129.000
173.000
98.000
101.000
104.000
111.000
154.000
130.000
101.000
96.000
103.000
143.000
117.000
120.000
113.000
123.000
163.000
134.000
108.000
112.000
121.000
161.000
136.000
110.000
105.000
120.000
163.000
101.000
100.000
103.000
111.000
151.000
123.000
94.000
101.000
106.000
145.000
116.000
120.000
114.000
124.000
164.000
99.000
105.000
113.000
122.000
162.000
138.000
110.000
108.000
120.000
161.000
134.000
101.000
105.000
113.000
153.000
89.000
100.000
100.000
104.000
144.000
116.000
123.000
155.000
127.000
167.000
113.000
122.000
126.000
131.000
171.000
144.000
183.000
148.000
125.000
165.000
109.000
109.000
115.000
119.000
160.000
96.000
100.000
106.000
111.000
151.000
119.000
120.000
110.000
117.000
157.000
105.000
115.000
124.000
121.000
163.000
139.000
120.000
122.000
139.000
160.000
137.000
113.000
119.000
115.000
154.000
87.000
93.000
100.000
106.000
146.000
117.000
121.000
113.000
123.000
163.000
135.000
141.000
115.000
122.000
163.000
135.000
109.000
107.000
119.000
158.000
132.000
98.000
104.000
111.000
151.000
125.000
93.000
100.000
105.000
145.000
118.000
119.000
117.000
131.000
164.000
140.000
112.000
118.000
125.000
165.000
137.000
112.000
108.000
120.000
160.000
134.000
106.000
108.000
114.000
154.000
85.000
92.000
99.000
105.000
145.000
119.000
127.000
115.000
125.000
165.000
134.000
106.000
113.000
129.000
163.000
138.000
102.000
116.000
120.000
163.000
134.000
104.000
104.000
111.000
151.000
86.000
94.000
103.000
113.000
146.000
119.000
120.000
113.000
124.000
164.000
137.000
109.000
113.000
121.000
162.000
136.000
101.000
105.000
119.000
160.000
133.000
103.000
107.000
114.000
155.000
90.000
95.000
98.000
104.000
147.000
113.000
119.000
110.000
121.000
160.000
137.000
112.000
118.000
125.000
165.000
138.000
111.000
109.000
119.000
158.000
101.000
99.000
104.000
111.000
151.000
121.000
93.000
100.000
106.000
146.000
116.000
83.000
91.000
105.000
142.000
86.000
96.000
99.000
140.000
113.000
119.000
107.000
94.000
134.000
106.000
84.000
90.000
97.000
137.000
109.000
117.000
87.000
91.000
131.000
103.000
108.000
118.000
92.000
132.000
121.000
130.000
109.000
116.000
156.000
130.000
137.000
114.000
113.000
153.000
122.000
93.000
100.000
105.000
145.000
118.000
124.000
93.000
98.000
138.000
109.000
81.000
125.000
94.000
138.000
146.000
136.000
110.000
115.000
155.000
130.000
136.000
126.000
112.000
152.000
121.000
93.000
102.000
108.000
148.000
122.000
92.000
94.000
99.000
140.000
112.000
79.000
121.000
84.000
118.000
117.000
