136.000
114.000
118.000
119.000
159.000
131.000
100.000
106.000
111.000
151.000
122.000
128.000
112.000
126.000
166.000
139.000
114.000
120.000
126.000
166.000
206.000
129.000
118.000
125.000
165.000
136.000
107.000
113.000
117.000
157.000
134.000
106.000
116.000
109.000
149.000
121.000
129.000
110.000
124.000
164.000
138.000
111.000
118.000
124.000
164.000
204.000
135.000
139.000
125.000
161.000
135.000
146.000
121.000
116.000
156.000
133.000
97.000
108.000
117.000
150.000
121.000
129.000
111.000
126.000
166.000
141.000
148.000
120.000
126.000
167.000
206.000
129.000
117.000
122.000
162.000
136.000
109.000
112.000
119.000
167.000
129.000
103.000
113.000
110.000
150.000
126.000
138.000
116.000
125.000
165.000
139.000
145.000
119.000
129.000
166.000
206.000
143.000
116.000
123.000
163.000
135.000
142.000
113.000
115.000
155.000
129.000
99.000
113.000
110.000
150.000
125.000
137.000
114.000
124.000
168.000
146.000
111.000
126.000
124.000
164.000
205.000
141.000
123.000
122.000
163.000
138.000
105.000
112.000
120.000
157.000
129.000
135.000
105.000
110.000
150.000
121.000
130.000
114.000
126.000
166.000
140.000
147.000
120.000
126.000
167.000
207.000
133.000
118.000
124.000
164.000
136.000
107.000
114.000
122.000
159.000
135.000
137.000
114.000
111.000
151.000
123.000
130.000
116.000
127.000
167.000
140.000
113.000
121.000
127.000
168.000
207.000
161.000
147.000
122.000
162.000
136.000
110.000
113.000
119.000
159.000
130.000
99.000
106.000
111.000
151.000
127.000
136.000
122.000
125.000
169.000
148.000
146.000
123.000
125.000
166.000
205.000
131.000
121.000
125.000
165.000
137.000
108.000
114.000
118.000
161.000
138.000
98.000
105.000
110.000
153.000
121.000
123.000
109.000
124.000
164.000
139.000
112.000
118.000
124.000
164.000
204.000
105.000
118.000
123.000
163.000
136.000
144.000
114.000
117.000
157.000
129.000
98.000
105.000
109.000
149.000
121.000
113.000
112.000
125.000
165.000
138.000
145.000
119.000
125.000
165.000
205.000
142.000
117.000
122.000
162.000
136.000
113.000
111.000
118.000
162.000
140.000
135.000
109.000
111.000
151.000
122.000
113.000
111.000
125.000
165.000
139.000
113.000
118.000
158.000
131.000
121.000
162.000
125.000
123.000
135.000
141.000
116.000
122.000
128.000
135.000
175.000
95.000
115.000
127.000
134.000
139.000
178.000
117.000
120.000
128.000
130.000
103.000
109.000
113.000
119.000
120.000
160.000
129.000
129.000
139.000
144.000
191.000
125.000
130.000
141.000
177.000
100.000
121.000
131.000
133.000
138.000
178.000
119.000
125.000
127.000
133.000
106.000
111.000
114.000
119.000
122.000
163.000
128.000
124.000
136.000
143.000
184.000
124.000
131.000
145.000
177.000
130.000
120.000
126.000
133.000
139.000
113.000
119.000
123.000
129.000
134.000
173.000
111.000
113.000
118.000
123.000
163.000
124.000
116.000
137.000
144.000
117.000
125.000
131.000
136.000
176.000
130.000
114.000
136.000
134.000
141.000
181.000
121.000
124.000
126.000
133.000
172.000
109.000
112.000
118.000
120.000
161.000
121.000
125.000
134.000
141.000
114.000
122.000
127.000
134.000
174.000
93.000
115.000
125.000
133.000
137.000
112.000
118.000
120.000
126.000
131.000
104.000
110.000
116.000
119.000
