114.000
100.000
116.000
140.000
113.000
153.000
127.000
134.000
174.000
144.000
151.000
125.000
132.000
137.000
144.000
155.000
121.000
127.000
130.000
137.000
141.000
112.000
119.000
121.000
127.000
101.000
107.000
114.000
121.000
127.000
101.000
107.000
118.000
154.000
91.000
103.000
110.000
115.000
122.000
129.000
102.000
108.000
114.000
121.000
127.000
105.000
108.000
113.000
120.000
127.000
101.000
106.000
114.000
120.000
128.000
100.000
107.000
113.000
153.000
89.000
101.000
109.000
115.000
121.000
128.000
101.000
108.000
114.000
121.000
127.000
101.000
107.000
113.000
117.000
126.000
102.000
109.000
115.000
121.000
128.000
101.000
108.000
119.000
166.000
108.000
121.000
108.000
115.000
121.000
128.000
101.000
108.000
115.000
121.000
132.000
100.000
106.000
113.000
122.000
138.000
101.000
107.000
114.000
120.000
128.000
101.000
106.000
112.000
152.000
102.000
103.000
109.000
116.000
122.000
129.000
103.000
109.000
115.000
121.000
129.000
102.000
109.000
114.000
120.000
127.000
100.000
107.000
114.000
120.000
127.000
101.000
107.000
114.000
157.000
101.000
102.000
109.000
115.000
122.000
132.000
114.000
108.000
119.000
130.000
140.000
100.000
111.000
114.000
127.000
126.000
103.000
106.000
113.000
120.000
126.000
99.000
106.000
111.000
152.000
94.000
103.000
113.000
116.000
122.000
128.000
102.000
116.000
114.000
120.000
127.000
101.000
107.000
114.000
118.000
126.000
103.000
108.000
116.000
122.000
128.000
102.000
108.000
114.000
154.000
94.000
103.000
109.000
115.000
122.000
129.000
103.000
109.000
