150.000
155.000
128.000
135.000
142.000
115.000
155.000
195.000
140.000
140.000
113.000
153.000
125.000
133.000
137.000
142.000
147.000
119.000
125.000
127.000
134.000
137.000
109.000
149.000
119.000
135.000
153.000
129.000
135.000
142.000
115.000
155.000
195.000
132.000
133.000
109.000
150.000
125.000
132.000
138.000
108.000
148.000
118.000
125.000
127.000
102.000
139.000
110.000
150.000
128.000
126.000
154.000
129.000
140.000
154.000
113.000
154.000
194.000
125.000
134.000
113.000
153.000
126.000
133.000
137.000
105.000
145.000
119.000
124.000
130.000
97.000
138.000
113.000
149.000
118.000
133.000
151.000
135.000
133.000
140.000
113.000
152.000
193.000
141.000
139.000
115.000
163.000
125.000
129.000
136.000
106.000
147.000
117.000
123.000
130.000
97.000
138.000
110.000
154.000
113.000
111.000
151.000
127.000
134.000
140.000
113.000
153.000
194.000
136.000
138.000
110.000
150.000
124.000
131.000
135.000
142.000
147.000
118.000
125.000
128.000
132.000
140.000
109.000
153.000
135.000
134.000
152.000
128.000
135.000
141.000
148.000
155.000
194.000
136.000
139.000
111.000
152.000
125.000
133.000
138.000
141.000
148.000
118.000
125.000
127.000
98.000
139.000
110.000
150.000
104.000
113.000
153.000
129.000
135.000
142.000
114.000
154.000
198.000
144.000
141.000
135.000
155.000
126.000
133.000
138.000
109.000
149.000
121.000
124.000
128.000
100.000
140.000
109.000
149.000
116.000
113.000
153.000
129.000
136.000
143.000
116.000
156.000
197.000
143.000
134.000
146.000
151.000
126.000
133.000
138.000
141.000
152.000
118.000
126.000
127.000
98.000
139.000
110.000
154.000
126.000
125.000
153.000
129.000
135.000
142.000
115.000
155.000
196.000
136.000
125.000
148.000
155.000
126.000
134.000
137.000
106.000
147.000
119.000
125.000
128.000
98.000
139.000
110.000
151.000
124.000
144.000
122.000
130.000
135.000
143.000
157.000
123.000
164.000
131.000
121.000
143.000
118.000
125.000
132.000
136.000
143.000
114.000
120.000
123.000
130.000
133.000
104.000
109.000
149.000
106.000
140.000
122.000
129.000
136.000
143.000
149.000
122.000
162.000
139.000
129.000
148.000
121.000
127.000
131.000
138.000
140.000
114.000
121.000
125.000
131.000
133.000
104.000
109.000
150.000
119.000
136.000
119.000
127.000
134.000
140.000
146.000
