109.000
132.000
141.000
115.000
122.000
136.000
101.000
141.000
115.000
155.000
112.000
120.000
136.000
111.000
117.000
119.000
124.000
131.000
106.000
114.000
120.000
132.000
123.000
96.000
134.000
111.000
123.000
140.000
117.000
122.000
128.000
101.000
141.000
115.000
155.000
121.000
113.000
135.000
111.000
118.000
123.000
135.000
131.000
104.000
108.000
110.000
83.000
123.000
97.000
145.000
102.000
120.000
138.000
114.000
121.000
127.000
133.000
140.000
113.000
155.000
120.000
110.000
136.000
116.000
128.000
121.000
127.000
133.000
103.000
108.000
110.000
120.000
123.000
97.000
134.000
88.000
105.000
138.000
120.000
121.000
127.000
100.000
140.000
114.000
154.000
118.000
125.000
135.000
110.000
118.000
120.000
125.000
130.000
104.000
116.000
110.000
117.000
123.000
94.000
136.000
102.000
122.000
137.000
112.000
118.000
125.000
99.000
140.000
115.000
159.000
115.000
112.000
133.000
109.000
114.000
120.000
124.000
131.000
100.000
105.000
109.000
83.000
123.000
95.000
135.000
89.000
121.000
136.000
114.000
121.000
127.000
100.000
140.000
113.000
154.000
115.000
119.000
134.000
111.000
117.000
119.000
126.000
131.000
104.000
105.000
110.000
116.000
124.000
93.000
134.000
105.000
120.000
140.000
114.000
121.000
126.000
100.000
140.000
114.000
154.000
121.000
123.000
134.000
110.000
116.000
117.000
123.000
130.000
104.000
103.000
108.000
116.000
123.000
93.000
133.000
120.000
127.000
138.000
114.000
123.000
126.000
102.000
140.000
113.000
153.000
116.000
118.000
137.000
115.000
127.000
122.000
128.000
130.000
103.000
109.000
109.000
116.000
122.000
94.000
133.000
105.000
135.000
148.000
114.000
121.000
127.000
106.000
154.000
131.000
152.000
113.000
118.000
135.000
108.000
116.000
123.000
126.000
132.000
99.000
106.000
109.000
118.000
123.000
92.000
132.000
102.000
121.000
139.000
115.000
120.000
124.000
96.000
136.000
113.000
154.000
121.000
122.000
134.000
109.000
115.000
118.000
124.000
130.000
103.000
102.000
109.000
116.000
157.000
91.000
131.000
122.000
128.000
106.000
114.000
121.000
126.000
132.000
105.000
114.000
154.000
134.000
121.000
161.000
111.000
114.000
120.000
127.000
166.000
105.000
108.000
117.000
117.000
160.000
98.000
132.000
90.000
125.000
107.000
114.000
121.000
128.000
134.000
107.000
114.000
155.000
130.000
122.000
163.000
112.000
116.000
123.000
128.000
99.000
106.000
110.000
115.000
119.000
159.000
93.000
133.000
100.000
116.000
156.000
113.000
118.000
125.000
133.000
106.000
113.000
153.000
127.000
118.000
158.000
108.000
114.000
123.000
124.000
96.000
103.000
107.000
113.000
115.000
88.000
94.000
94.000
94.000
107.000
87.000
96.000
104.000
111.000
119.000
94.000
98.000
139.000
108.000
113.000
94.000
99.000
106.000
113.000
120.000
93.000
100.000
106.000
113.000
118.000
92.000
97.000
99.000
140.000
117.000
105.000
115.000
122.000
129.000
134.000
109.000
114.000
155.000
127.000
126.000
105.000
119.000
127.000
124.000
128.000
103.000
114.000
121.000
116.000
119.000
