190.000
160.000
230.000
133.000
167.000
140.000
205.000
145.000
180.000
152.000
125.000
185.000
157.000
175.000
165.000
141.000
150.000
176.000
172.000
150.000
178.000
123.000
162.000
148.000
187.000
145.000
157.000
151.000
163.000
144.000
170.000
117.000
165.000
122.000
125.000
174.000
212.000
132.000
138.000
186.000
110.000
194.000
164.000
117.000
171.000
124.000
178.000
131.000
183.000
137.000
109.000
191.000
231.000
123.000
124.000
170.000
177.000
130.000
208.000
136.000
186.000
111.000
116.000
157.000
163.000
123.000
168.000
131.000
173.000
135.000
176.000
109.000
147.000
150.000
154.000
143.000
158.000
102.000
164.000
142.000
170.000
116.000
166.000
122.000
172.000
128.000
179.000
135.000
186.000
142.000
192.000
114.000
165.000
121.000
173.000
129.000
133.000
178.000
184.000
141.000
157.000
115.000
197.000
122.000
127.000
166.000
173.000
135.000
180.000
140.000
220.000
117.000
120.000
188.000
127.000
198.000
199.000
133.000
171.000
140.000
143.000
114.000
150.000
154.000
155.000
143.000
159.000
102.000
145.000
143.000
185.000
118.000
185.000
123.000
200.000
132.000
209.000
137.000
182.000
144.000
222.000
116.000
195.000
123.000
205.000
133.000
174.000
137.000
181.000
142.000
221.000
115.000
121.000
193.000
128.000
168.000
134.000
175.000
140.000
179.000
219.000
116.000
185.000
120.000
193.000
128.000
166.000
132.000
137.000
173.000
141.000
110.000
148.000
150.000
153.000
131.000
158.000
137.000
143.000
199.000
185.000
119.000
184.000
158.000
168.000
164.000
175.000
170.000
181.000
143.000
221.000
117.000
195.000
123.000
129.000
202.000
136.000
175.000
181.000
142.000
114.000
222.000
121.000
195.000
128.000
175.000
134.000
182.000
208.000
141.000
219.000
115.000
186.000
121.000
194.000
126.000
167.000
132.000
171.000
136.000
141.000
109.000
148.000
150.000
189.000
132.000
136.000
193.000
197.000
144.000
117.000
186.000
185.000
124.000
130.000
171.000
135.000
210.000
182.000
143.000
222.000
116.000
122.000
196.000
169.000
176.000
143.000
181.000
196.000
157.000
221.000
116.000
194.000
122.000
176.000
131.000
201.000
134.000
178.000
140.000
219.000
112.000
118.000
190.000
124.000
196.000
199.000
131.000
168.000
137.000
141.000
110.000
147.000
151.000
187.000
130.000
192.000
137.000
144.000
143.000
187.000
119.000
123.000
196.000
203.000
131.000
208.000
135.000
215.000
142.000
222.000
116.000
194.000
122.000
129.000
170.000
174.000
136.000
181.000
143.000
114.000
222.000
195.000
123.000
128.000
170.000
134.000
162.000
176.000
140.000
217.000
113.000
188.000
120.000
159.000
126.000
165.000
132.000
171.000
137.000
141.000
110.000
147.000
150.000
151.000
108.000
157.000
127.000
197.000
144.000
185.000
118.000
172.000
123.000
203.000
130.000
211.000
137.000
185.000
143.000
227.000
116.000
198.000
123.000
204.000
130.000
177.000
137.000
132.000
170.000
176.000
85.000
142.000
124.000
148.000
111.000
118.000
148.000
153.000
126.000
189.000
131.000
162.000
170.000
168.000
143.000
175.000
149.000
182.000
142.000
189.000
141.000
163.000
117.000
170.000
123.000
174.000
130.000
181.000
137.000
188.000
142.000
115.000
229.000
161.000
122.000
202.000
129.000
177.000
136.000
182.000
142.000
155.000
115.000
160.000
155.000
168.000
129.000
135.000
131.000
175.000
96.000
148.000
136.000
152.000
111.000
172.000
119.000
179.000
124.000
130.000
190.000
164.000
171.000
171.000
140.000
178.000
147.000
185.000
143.000
191.000
142.000
164.000
117.000
170.000
125.000
178.000
132.000
184.000
138.000
157.000
144.000
197.000
117.000
165.000
157.000
168.000
130.000
176.000
136.000
147.000
143.000
154.000
115.000
159.000
122.000
167.000
126.000
170.000
133.000
142.000
173.000
148.000
104.000
154.000
112.000
162.000
119.000
168.000
126.000
156.000
130.000
163.000
170.000
169.000
143.000
175.000
145.000
181.000
126.000
155.000
141.000
162.000
114.000
169.000
121.000
177.000
128.000
181.000
134.000
141.000
155.000
194.000
114.000
170.000
154.000
179.000
128.000
208.000
134.000
140.000
149.000
153.000
113.000
158.000
119.000
166.000
126.000
168.000
130.000
141.000
92.000
143.000
132.000
150.000
112.000
159.000
118.000
166.000
124.000
151.000
130.000
163.000
170.000
169.000
140.000
176.000
145.000
182.000
111.000
155.000
142.000
161.000
117.000
168.000
124.000
173.000
130.000
180.000
136.000
153.000
142.000
193.000
116.000
161.000
122.000
169.000
128.000
176.000
134.000
140.000
148.000
154.000
114.000
158.000
121.000
166.000
126.000
168.000
132.000
141.000
85.000
143.000
124.000
150.000
111.000
190.000
118.000
155.000
125.000
155.000
130.000
161.000
170.000
167.000
142.000
174.000
147.000
181.000
124.000
140.000
155.000
160.000
115.000
167.000
122.000
174.000
128.000
135.000
183.000
153.000
141.000
193.000
115.000
161.000
155.000
169.000
128.000
133.000
176.000
147.000
141.000
154.000
114.000
158.000
121.000
166.000
126.000
168.000
132.000
141.000
85.000
143.000
125.000
151.000
110.000
148.000
118.000
154.000
125.000
156.000
130.000
162.000
170.000
168.000
141.000
175.000
146.000
182.000
112.000
156.000
143.000
162.000
117.000
122.000
170.000
176.000
129.000
181.000
137.000
141.000
156.000
196.000
117.000
165.000
122.000
165.000
129.000
175.000
136.000
149.000
141.000
153.000
114.000
160.000
121.000
165.000
126.000
133.000
173.000
140.000
173.000
147.000
125.000
149.000
110.000
172.000
118.000
179.000
126.000
155.000
131.000
164.000
171.000
171.000
142.000
177.000
146.000
184.000
111.000
157.000
142.000
164.000
117.000
170.000
123.000
177.000
130.000
181.000
137.000
155.000
143.000
194.000
116.000
169.000
122.000
200.000
129.000
177.000
134.000
151.000
175.000
153.000
148.000
161.000
120.000
165.000
127.000
172.000
131.000
140.000
171.000
147.000
104.000
151.000
112.000
173.000
151.000
158.000
180.000
155.000
165.000
163.000
137.000
142.000
171.000
177.000
145.000
182.000
126.000
156.000
166.000
162.000
116.000
169.000
156.000
176.000
130.000
182.000
136.000
155.000
176.000
196.000
117.000
173.000
123.000
170.000
127.000
176.000
135.000
151.000
177.000
153.000
146.000
163.000
122.000
172.000
132.000
172.000
131.000
140.000
171.000
147.000
114.000
150.000
122.000
196.000
153.000
202.000
160.000
177.000
168.000
185.000
140.000
192.000
149.000
198.000
151.000
205.000
121.000
176.000
161.000
183.000
149.000
190.000
156.000
198.000
161.000
202.000
136.000
175.000
109.000
149.000
216.000
193.000
154.000
191.000
127.000
197.000
135.000
170.000
175.000
147.000
175.000
180.000
154.000
185.000
126.000
193.000
132.000
161.000
171.000
168.000
114.000
173.000
123.000
184.000
151.000
191.000
158.000
178.000
165.000
187.000
138.000
192.000
142.000
198.000
145.000
205.000
126.000
177.000
166.000
184.000
149.000
190.000
157.000
198.000
163.000
203.000
135.000
176.000
109.000
216.000
115.000
192.000
122.000
200.000
129.000
197.000
134.000
173.000
169.000
174.000
148.000
179.000
153.000
187.000
125.000
189.000
132.000
161.000
172.000
168.000
126.000
173.000
114.000
181.000
120.000
188.000
128.000
176.000
101.000
184.000
140.000
191.000
146.000
196.000
153.000
203.000
123.000
176.000
164.000
183.000
150.000
190.000
123.000
197.000
130.000
201.000
137.000
174.000
109.000
214.000
115.000
191.000
121.000
199.000
128.000
194.000
136.000
165.000
176.000
172.000
148.000
178.000
155.000
186.000
160.000
191.000
131.000
162.000
171.000
210.000
166.000
171.000
113.000
166.000
120.000
173.000
127.000
178.000
167.000
139.000
186.000
191.000
146.000
197.000
152.000
203.000
130.000
177.000
170.000
184.000
149.000
192.000
156.000
198.000
130.000
204.000
136.000
177.000
110.000
218.000
118.000
188.000
157.000
220.000
129.000
196.000
134.000
171.000
174.000
175.000
148.000
181.000
120.000
186.000
124.000
193.000
131.000
170.000
164.000
126.000
170.000
173.000
147.000
182.000
121.000
188.000
128.000
176.000
169.000
184.000
141.000
192.000
147.000
197.000
153.000
204.000
123.000
163.000
179.000
184.000
151.000
190.000
157.000
197.000
164.000
202.000
137.000
176.000
111.000
117.000
217.000
192.000
157.000
219.000
129.000
195.000
135.000
171.000
175.000
173.000
148.000
180.000
120.000
185.000
127.000
192.000
131.000
162.000
171.000
169.000
105.000
170.000
146.000
196.000
119.000
204.000
128.000
177.000
102.000
184.000
140.000
145.000
191.000
197.000
152.000
204.000
130.000
176.000
172.000
182.000
148.000
190.000
155.000
197.000
161.000
134.000
203.000
175.000
109.000
215.000
115.000
169.000
122.000
169.000
128.000
180.000
133.000
155.000
174.000
160.000
148.000
167.000
154.000
170.000
124.000
177.000
130.000
148.000
170.000
154.000
114.000
156.000
120.000
169.000
152.000
176.000
159.000
162.000
166.000
169.000
139.000
176.000
143.000
182.000
150.000
189.000
120.000
161.000
160.000
169.000
149.000
175.000
156.000
182.000
129.000
187.000
136.000
160.000
109.000
201.000
114.000
172.000
121.000
170.000
127.000
180.000
135.000
155.000
107.000
160.000
147.000
167.000
154.000
170.000
126.000
177.000
130.000
170.000
148.000
154.000
116.000
155.000
123.000
162.000
152.000
202.000
159.000
141.000
167.000
139.000
170.000
176.000
145.000
182.000
152.000
189.000
121.000
162.000
161.000
149.000
169.000
156.000
176.000
182.000
130.000
187.000
137.000
160.000
110.000
200.000
116.000
176.000
123.000
171.000
129.000
182.000
136.000
156.000
176.000
160.000
148.000
154.000
168.000
170.000
127.000
178.000
133.000
148.000
172.000
155.000
116.000
156.000
123.000
163.000
153.000
153.000
127.000
141.000
100.000
169.000
140.000
176.000
146.000
183.000
152.000
190.000
131.000
163.000
172.000
149.000
170.000
176.000
157.000
183.000
163.000
188.000
136.000
161.000
109.000
201.000
116.000
173.000
122.000
181.000
128.000
182.000
134.000
158.000
109.000
161.000
148.000
168.000
153.000
171.000
125.000
144.000
132.000
148.000
172.000
154.000
130.000
157.000
148.000
163.000
154.000
138.000
128.000
145.000
101.000
152.000
141.000
158.000
147.000
165.000
124.000
138.000
130.000
144.000
170.000
151.000
148.000
158.000
121.000
165.000
128.000
137.000
134.000
108.000
144.000
183.000
115.000
177.000
155.000
192.000
127.000
132.000
141.000
147.000
174.000
153.000
147.000
160.000
118.000
166.000
125.000
140.000
131.000
146.000
171.000
152.000
114.000
159.000
121.000
165.000
121.000
127.000
139.000
145.000
100.000
151.000
140.000
158.000
147.000
165.000
124.000
137.000
130.000
143.000
170.000
149.000
149.000
156.000
155.000
163.000
129.000
131.000
135.000
139.000
109.000
179.000
116.000
176.000
156.000
192.000
128.000
139.000
134.000
146.000
174.000
153.000
148.000
160.000
119.000
166.000
125.000
131.000
141.000
146.000
172.000
127.000
153.000
159.000
147.000
165.000
121.000
138.000
128.000
140.000
101.000
164.000
141.000
171.000
148.000
176.000
112.000
149.000
152.000
157.000
132.000
162.000
148.000
168.000
155.000
174.000
129.000
144.000
169.000
152.000
142.000
115.000
194.000
187.000
122.000
170.000
128.000
153.000
168.000
141.000
160.000
166.000
148.000
173.000
153.000
179.000
124.000
152.000
164.000
160.000
138.000
166.000
117.000
172.000
124.000
177.000
154.000
151.000
161.000
158.000
134.000
163.000
141.000
169.000
145.000
111.000
177.000
149.000
152.000
131.000
157.000
161.000
147.000
167.000
154.000
174.000
128.000
147.000
168.000
153.000
141.000
194.000
115.000
189.000
121.000
171.000
127.000
153.000
168.000
157.000
130.000
197.000
104.000
170.000
110.000
179.000
152.000
142.000
123.000
150.000
130.000
157.000
135.000
162.000
142.000
135.000
148.000
137.000
120.000
146.000
127.000
147.000
103.000
109.000
152.000
192.000
196.000
150.000
129.000
160.000
139.000
191.000
139.000
173.000
146.000
144.000
153.000
184.000
126.000
159.000
134.000
167.000
140.000
173.000
147.000
146.000
152.000
151.000
125.000
159.000
131.000
104.000
201.000
184.000
110.000
192.000
151.000
144.000
123.000
153.000
131.000
157.000
135.000
165.000
141.000
132.000
148.000
138.000
120.000
144.000
125.000
151.000
104.000
153.000
112.000
194.000
153.000
165.000
126.000
172.000
132.000
188.000
139.000
172.000
145.000
145.000
152.000
152.000
124.000
157.000
131.000
164.000
139.000
145.000
172.000
146.000
152.000
150.000
125.000
157.000
131.000
197.000
104.000
180.000
111.000
188.000
151.000
172.000
123.000
129.000
150.000
157.000
134.000
162.000
141.000
135.000
146.000
141.000
118.000
146.000
126.000
151.000
102.000
152.000
107.000
192.000
154.000
166.000
127.000
173.000
133.000
188.000
140.000
173.000
147.000
146.000
154.000
153.000
194.000
127.000
160.000
147.000
167.000
172.000
155.000
212.000
162.000
185.000
135.000
158.000
141.000
198.000
115.000
152.000
122.000
138.000
162.000
178.000
134.000
152.000
141.000
157.000
146.000
197.000
119.000
132.000
159.000
139.000
132.000
143.000
137.000
151.000
98.000
191.000
106.000
161.000
152.000
168.000
125.000
150.000
128.000
165.000
136.000
205.000
108.000
145.000
148.000
185.000
188.000
116.000
161.000
167.000
148.000
153.000
207.000
178.000
207.000
193.000
142.000
151.000
202.000
198.000
111.000
152.000
119.000
139.000
159.000
145.000
133.000
153.000
140.000
157.000
146.000
197.000
119.000
170.000
161.000
130.000
174.000
143.000
138.000
150.000
107.000
190.000
114.000
161.000
152.000
165.000
125.000
172.000
132.000
138.000
187.000
206.000
145.000
182.000
155.000
187.000
193.000
161.000
160.000
