116.000
123.000
130.000
170.000
111.000
118.000
123.000
130.000
170.000
111.000
116.000
122.000
127.000
167.000
101.000
132.000
113.000
120.000
160.000
97.000
99.000
106.000
97.000
136.000
110.000
116.000
123.000
129.000
103.000
111.000
116.000
122.000
129.000
102.000
110.000
116.000
122.000
125.000
164.000
206.000
132.000
113.000
120.000
160.000
98.000
98.000
105.000
97.000
83.000
108.000
118.000
125.000
132.000
172.000
112.000
117.000
124.000
131.000
103.000
112.000
116.000
124.000
128.000
168.000
209.000
135.000
114.000
120.000
161.000
99.000
100.000
106.000
98.000
138.000
104.000
117.000
124.000
129.000
169.000
110.000
118.000
123.000
130.000
103.000
112.000
117.000
123.000
127.000
167.000
98.000
130.000
112.000
120.000
92.000
97.000
101.000
106.000
97.000
81.000
106.000
119.000
125.000
130.000
171.000
109.000
118.000
125.000
130.000
170.000
111.000
116.000
123.000
127.000
167.000
208.000
122.000
114.000
120.000
95.000
100.000
107.000
112.000
108.000
148.000
108.000
117.000
122.000
129.000
169.000
117.000
117.000
123.000
131.000
176.000
123.000
117.000
123.000
128.000
168.000
208.000
131.000
113.000
120.000
161.000
99.000
99.000
106.000
96.000
94.000
104.000
116.000
123.000
129.000
171.000
116.000
118.000
125.000
129.000
104.000
110.000
116.000
123.000
127.000
167.000
209.000
128.000
112.000
120.000
92.000
99.000
99.000
105.000
95.000
91.000
103.000
116.000
122.000
135.000
170.000
112.000
118.000
124.000
132.000
176.000
120.000
117.000
123.000
127.000
167.000
96.000
132.000
112.000
120.000
160.000
100.000
104.000
119.000
115.000
137.000
106.000
118.000
128.000
129.000
169.000
115.000
116.000
125.000
131.000
170.000
112.000
123.000
124.000
128.000
168.000
209.000
131.000
113.000
122.000
161.000
99.000
99.000
105.000
96.000
137.000
106.000
115.000
122.000
128.000
168.000
110.000
115.000
122.000
129.000
103.000
112.000
122.000
122.000
127.000
167.000
207.000
127.000
110.000
119.000
90.000
96.000
97.000
105.000
98.000
138.000
105.000
117.000
128.000
130.000
170.000
109.000
116.000
123.000
128.000
169.000
116.000
117.000
125.000
127.000
167.000
208.000
130.000
112.000
120.000
160.000
97.000
101.000
106.000
95.000
134.000
105.000
116.000
123.000
129.000
169.000
113.000
117.000
123.000
130.000
170.000
111.000
116.000
123.000
127.000
167.000
95.000
129.000
112.000
120.000
161.000
98.000
98.000
105.000
145.000
89.000
95.000
103.000
108.000
148.000
87.000
95.000
101.000
107.000
147.000
93.000
94.000
103.000
106.000
147.000
118.000
86.000
124.000
109.000
149.000
87.000
94.000
101.000
108.000
148.000
87.000
94.000
100.000
105.000
145.000
87.000
101.000
99.000
106.000
151.000
99.000
92.000
98.000
103.000
143.000
116.000
99.000
129.000
109.000
147.000
120.000
94.000
100.000
107.000
147.000
87.000
95.000
101.000
108.000
154.000
98.000
93.000
101.000
106.000
146.000
120.000
95.000
100.000
106.000
146.000
119.000
161.000
135.000
112.000
152.000
128.000
100.000
108.000
118.000
153.000
95.000
106.000
105.000
118.000
153.000
125.000
99.000
104.000
110.000
151.000
98.000
94.000
100.000
105.000
145.000
118.000
103.000
98.000
108.000
149.000
88.000
95.000
102.000
109.000
149.000
89.000
97.000
103.000
107.000
148.000
126.000
95.000
101.000
107.000
147.000
120.000
94.000
101.000
105.000
146.000
118.000
98.000
128.000
107.000
147.000
120.000
95.000
101.000
107.000
147.000
120.000
93.000
99.000
107.000
148.000
120.000
92.000
99.000
104.000
144.000
117.000
91.000
92.000
102.000
143.000
120.000
97.000
127.000
107.000
147.000
120.000
94.000
100.000
106.000
146.000
119.000
94.000
100.000
107.000
147.000
120.000
91.000
99.000
110.000
144.000
119.000
99.000
97.000
103.000
143.000
116.000
97.000
126.000
105.000
145.000
85.000
91.000
98.000
105.000
145.000
119.000
93.000
99.000
106.000
146.000
121.000
94.000
101.000
107.000
147.000
120.000
93.000
97.000
104.000
145.000
120.000
101.000
98.000
108.000
148.000
88.000
95.000
100.000
107.000
147.000
120.000
95.000
101.000
108.000
154.000
87.000
94.000
105.000
105.000
145.000
84.000
92.000
98.000
103.000
143.000
118.000
101.000
136.000
121.000
151.000
125.000
97.000
103.000
110.000
150.000
90.000
97.000
103.000
110.000
150.000
91.000
96.000
102.000
107.000
147.000
89.000
97.000
95.000
104.000
145.000
120.000
99.000
130.000
113.000
148.000
88.000
95.000
101.000
107.000
148.000
88.000
95.000
100.000
107.000
148.000
88.000
94.000
101.000
106.000
147.000
87.000
92.000
101.000
106.000
147.000
118.000
101.000
98.000
112.000
153.000
90.000
96.000
104.000
110.000
150.000
90.000
97.000
103.000
110.000
152.000
90.000
96.000
108.000
107.000
147.000
88.000
92.000
96.000
109.000
143.000
120.000
104.000
139.000
113.000
153.000
126.000
98.000
104.000
111.000
153.000
92.000
100.000
106.000
111.000
151.000
92.000
96.000
103.000
107.000
148.000
85.000
92.000
98.000
105.000
146.000
118.000
96.000
130.000
107.000
147.000
122.000
92.000
100.000
107.000
148.000
88.000
94.000
101.000
106.000
147.000
87.000
93.000
99.000
105.000
145.000
118.000
91.000
92.000
101.000
142.000
119.000
99.000
116.000
107.000
147.000
121.000
93.000
101.000
107.000
147.000
120.000
94.000
100.000
107.000
147.000
89.000
94.000
99.000
106.000
147.000
88.000
93.000
98.000
139.000
112.000
119.000
159.000
128.000
136.000
114.000
120.000
94.000
101.000
141.000
181.000
108.000
110.000
117.000
158.000
132.000
138.000
113.000
118.000
159.000
131.000
106.000
112.000
117.000
157.000
96.000
136.000
101.000
130.000
137.000
119.000
126.000
96.000
98.000
138.000
177.000
101.000
113.000
118.000
158.000
133.000
140.000
113.000
118.000
158.000
132.000
105.000
112.000
118.000
158.000
131.000
137.000
177.000
137.000
147.000
131.000
128.000
100.000
109.000
147.000
119.000
124.000
110.000
115.000
156.000
130.000
137.000
109.000
116.000
156.000
129.000
142.000
111.000
116.000
158.000
129.000
134.000
102.000
131.000
139.000
118.000
126.000
97.000
97.000
137.000
177.000
101.000
114.000
119.000
159.000
131.000
138.000
113.000
120.000
160.000
132.000
141.000
113.000
118.000
158.000
130.000
137.000
177.000
135.000
143.000
118.000
126.000
98.000
98.000
139.000
179.000
123.000
114.000
119.000
159.000
133.000
107.000
114.000
120.000
160.000
132.000
107.000
113.000
117.000
158.000
132.000
139.000
106.000
99.000
139.000
119.000
127.000
98.000
96.000
136.000
112.000
117.000
114.000
119.000
159.000
135.000
146.000
112.000
119.000
159.000
132.000
105.000
112.000
118.000
159.000
103.000
137.000
182.000
131.000
139.000
119.000
128.000
96.000
97.000
142.000
121.000
118.000
114.000
118.000
159.000
133.000
105.000
112.000
118.000
159.000
133.000
139.000
113.000
119.000
159.000
131.000
137.000
113.000
135.000
143.000
119.000
92.000
97.000
101.000
141.000
181.000
104.000
113.000
118.000
158.000
133.000
140.000
114.000
120.000
160.000
132.000
105.000
112.000
117.000
158.000
132.000
137.000
107.000
104.000
144.000
119.000
127.000
98.000
99.000
139.000
179.000
121.000
111.000
118.000
159.000
134.000
106.000
113.000
118.000
159.000
132.000
105.000
111.000
118.000
158.000
131.000
136.000
116.000
135.000
144.000
118.000
127.000
96.000
99.000
138.000
179.000
127.000
112.000
119.000
159.000
133.000
140.000
112.000
119.000
159.000
132.000
105.000
113.000
118.000
158.000
133.000
135.000
106.000
136.000
150.000
118.000
95.000
97.000
99.000
140.000
100.000
107.000
109.000
116.000
156.000
130.000
104.000
111.000
117.000
157.000
130.000
104.000
110.000
115.000
155.000
128.000
135.000
118.000