105.000 24363
110.000 25220
85.000 24351
126.000 24352
102.000 24346
108.000 24356
116.000 24361
122.000 24386
129.000 25216
101.000 25230
108.000 25210
114.000 25227
92.000 24361
100.000 24353
140.000 24349
141.000 24358
147.000 25199
121.000 24352
128.000 24356
101.000 25198
108.000 25205
114.000 26932
87.000 26927
128.000 27789
101.000 26923
107.000 26086
114.000 26099
86.000 26900
126.000 26902
102.000 26056
107.000 26071
114.000 26954
120.000 26934
127.000 27787
102.000 26937
108.000 27814
113.000 26945
97.000 26061
105.000 26927
102.000 26058
107.000 26075
116.000 26051
88.000 26077
128.000 26081
103.000 26073
107.000 26958
115.000 26905
87.000 26928
128.000 26931
101.000 26914
108.000 26956
113.000 26928
86.000 26936
127.000 26935
102.000 26923
108.000 27823
115.000 26954
122.000 26935
129.000 26928
102.000 26950
106.000 26935
113.000 26907
104.000 21755
110.000 23514
149.000 23510
144.000 23496
120.000 23504
124.000 24355
132.000 23489
104.000 23511
111.000 24352
118.000 23510
90.000 24379
131.000 24376
104.000 22624
110.000 22655
115.000 23499
88.000 23512
129.000 23510
102.000 23490
108.000 24363
114.000 24364
120.000 24360
125.000 23501
99.000 25223
105.000 25204
111.000 25217
103.000 25197
111.000 25200
152.000 25193
144.000 25204
150.000 26068
125.000 25185
131.000 25221
104.000 26080
111.000 26078
119.000 25208
90.000 25202
131.000 25194
103.000 25214
110.000 25208
116.000 25234
88.000 25223
130.000 25228
104.000 24346
108.000 24357
114.000 25209
120.000 25195
126.000 25218
99.000 23487
105.000 24338
112.000 25206
95.000 24377
103.000 26924
142.000 26922
142.000 26059
149.000 25216
122.000 25210
132.000 26929
102.000 26926
108.000 26946
114.000 26067
88.000 26064
128.000 26929
100.000 27794
107.000 25192
114.000 26935
87.000 25216
127.000 25215
103.000 25222
108.000 25195
115.000 25207
121.000 24345
129.000 24375
102.000 24374
109.000 24360
114.000 24364
91.000 25203
98.000 26925
101.000 26931
107.000 26077
113.000 25230
120.000 26091
126.000 26062
99.000 26087
105.000 26080
80.000 26036
85.000 26071
126.000 26066
98.000 26074
105.000 26085
110.000 26080
85.000 26042
126.000 26043
102.000 26938
108.000 26939
82.000 26911
121.000 26916
128.000 26939
101.000 26930
109.000 26925
114.000 26957
103.000 26085
111.000 26059
150.000 26062
145.000 26076
120.000 26051
126.000 26099
133.000 26929
105.000 26069
111.000 26079
85.000 26066
90.000 26035
131.000 26032
104.000 26067
109.000 25209
116.000 26081
123.000 26056
130.000 25194
103.000 26055
108.000 25212
82.000 24349
87.000 24343
127.000 24347
102.000 24333
106.000 24348
111.000 25219
101.000 25220
109.000 26960
102.000 26958
142.000 27815
147.000 25220
121.000 26058
129.000 26077
103.000 26057
108.000 25218
82.000 24352
87.000 24339
127.000 24343
101.000 25232
106.000 25193
113.000 26055
118.000 26072
127.000 25201
102.000 26944
107.000 26066
82.000 26905
121.000 26920
129.000 26087
101.000 25184
107.000 25196
113.000 26063
102.000 25239
110.000 25227
149.000 25233
143.000 25218
151.000 24380
91.000 24343
132.000 24344
107.000 24337
111.000 24362
83.000 24371
91.000 24375
132.000 24375
103.000 24364
110.000 24379
116.000 24350
88.000 24359
129.000 24360
102.000 24359
108.000 24348
81.000 24335
119.000 24337
128.000 24369
100.000 24326
107.000 24347
110.000 24358
103.000 25224
111.000 26952
149.000 26957
144.000 26072
120.000 26095
91.000 26073
131.000 27799
104.000 26928
110.000 26069
83.000 26062
90.000 26077
131.000 26075
103.000 26938
109.000 26943
115.000 26930
122.000 26938
163.000 26939
121.000 26911
127.000 26931
139.000 26946
145.000 26912
120.000 26950
125.000 26945
132.000 26933
138.000 26943
106.000 26075
108.000 26937
124.000 26922
131.000 26908
102.000 26950
142.000 26952
112.000 26926
119.000 26928
122.000 26938
131.000 26923
136.000 26935
108.000 26930
109.000 26933
116.000 26047
120.000 26930
125.000 26939
165.000 26944
123.000 26919
128.000 26917
138.000 26078
146.000 26934
119.000 26954
125.000 26095
131.000 26931
138.000 26953
100.000 26073
103.000 26079
124.000 26086
131.000 26074
136.000 26070
144.000 26069
116.000 26087
120.000 25219
122.000 26066
131.000 26058
135.000 25209
106.000 25219
113.000 25195
116.000 26040
122.000 26078
125.000 26088
99.000 26083
100.000 26079
106.000 26050
80.000 26082
120.000 26080
94.000 26917
100.000 26083
107.000 25195
113.000 25211
81.000 25214
85.000 25198
106.000 26090
113.000 26950
119.000 26920
125.000 27793
101.000 27802
104.000 27792
110.000 26905
118.000 27802
123.000 26939
98.000 26938
105.000 26927
110.000 26932
117.000 27793
121.000 27802
95.000 27804
137.000 27803
148.000 27797
138.000 27788
148.000 26945
123.000 26948
163.000 26952
170.000 26939
143.000 26934
106.000 26076
109.000 26051
128.000 26067
135.000 26069
141.000 26080
146.000 26065
119.000 26096
125.000 26060
128.000 26088
134.000 26057
139.000 26085
114.000 26081
116.000 26056
120.000 26049
125.000 26936
126.000 26072
101.000 26069
140.000 26075
148.000 26071
137.000 26051
146.000 26067
120.000 25201
127.000 25208
133.000 25210
139.000 26071
100.000 25201
106.000 26933
128.000 26949
132.000 26928
138.000 27797
143.000 27817
117.000 27796
122.000 27817
127.000 26938
131.000 26927
139.000 28641
107.000 28679
113.000 27802
118.000 26053
87.000 27812
127.000 27812
98.000 26933
138.000 27795
132.000 26933
137.000 27762
146.000 29493
120.000 27776
126.000 27777
133.000 28625
139.000 28629
106.000 26061
99.000 25222
122.000 25215
133.000 26088
137.000 24362
143.000 24355
115.000 23478
119.000 24361
124.000 24319
130.000 23496
137.000 23495
105.000 23489
114.000 24357
119.000 24328
88.000 24336
128.000 24338
98.000 23494
137.000 24357
102.000 22601
140.000 21781
147.000 23487
121.000 22635
126.000 23482
133.000 24328
139.000 23481
104.000 22615
99.000 24372
121.000 23479
132.000 23488
138.000 23499
143.000 24366
116.000 24349
121.000 25206
124.000 23507
131.000 23494
136.000 21785
107.000 23506
114.000 23522
117.000 20905
122.000 23482
125.000 21789
99.000 25210
138.000 25209
116.000 23492
137.000 22644
145.000 23512
118.000 24366
125.000 24360
133.000 23490
139.000 24373
99.000 23491
107.000 25228
124.000 26063
131.000 26063
137.000 24356
142.000 25208
116.000 24341
121.000 25202
126.000 25202
131.000 24331