133.000 24376
103.000 24370
109.000 24365
148.000 24363
121.000 24346
92.000 24364
98.000 24360
102.000 24364
140.000 24359
112.000 24386
118.000 24344
87.000 24342
126.000 24343
112.000 24374
94.000 24368
136.000 24361
139.000 24348
114.000 24359
153.000 24362
127.000 24362
136.000 24363
111.000 23514
110.000 25221
150.000 25222
126.000 25222
136.000 25229
106.000 25238
109.000 24386
149.000 24386
122.000 24387
128.000 25246
99.000 24368
100.000 25226
139.000 25229
113.000 24369
120.000 24367
88.000 24383
128.000 24384
113.000 24351
96.000 23509
136.000 23515
109.000 23492
115.000 23497
155.000 23501
128.000 24375
135.000 24357
109.000 24385
111.000 25199
152.000 25197
125.000 25225
137.000 25247
105.000 25216
109.000 25244
150.000 25243
87.000 25216
130.000 25210
97.000 25246
102.000 24358
141.000 24362
112.000 24355
121.000 24360
88.000 24370
129.000 24371
114.000 24374
84.000 25215
128.000 25217
139.000 25223
111.000 25186
152.000 25187
92.000 24342
133.000 24344
109.000 22638
108.000 23513
148.000 23507
125.000 22646
132.000 23505
104.000 23501
108.000 24324
147.000 24330
121.000 24370
91.000 24361
96.000 24362
102.000 23472
141.000 24339
112.000 23489
118.000 23501
87.000 24360
126.000 24360
111.000 24368
95.000 24369
138.000 24363
109.000 24351
116.000 24361
155.000 24363
128.000 24344
135.000 24352
110.000 21781
111.000 22653
149.000 22654
126.000 23519
135.000 23498
106.000 23509
110.000 22648
151.000 22648
89.000 23500
91.000 21798
98.000 22655
103.000 23504
142.000 23509
112.000 23502
120.000 23510
116.000 24361
156.000 24363
100.000 21778
130.000 22630
141.000 22633
112.000 21791
115.000 22652
121.000 23503
129.000 23500
136.000 23486
104.000 22656
108.000 21796
110.000 22627
115.000 22654
119.000 22615
160.000 23475
94.000 23512
98.000 23493
139.000 24356
146.000 24361
106.000 24377
145.000 24375
159.000 24349
136.000 24388
141.000 24348
116.000 24379
155.000 24384
97.000 25220
125.000 25226
141.000 25224
181.000 25224
115.000 22644
122.000 23499
129.000 22640
136.000 23534
106.000 23499
109.000 24343
114.000 24380
115.000 23506
119.000 23486
158.000 24347
96.000 24357
100.000 24345
141.000 24343
126.000 25202
103.000 23493
142.000 23492
159.000 22648
134.000 24356
141.000 24358
115.000 24371
155.000 25236
88.000 25204
133.000 25224
139.000 24350
181.000 24353
116.000 23491
121.000 24365
128.000 25219
135.000 25197
102.000 23477
107.000 21762
110.000 22625
115.000 21772
119.000 21774
159.000 21776
129.000 22637
97.000 23499
137.000 23502
152.000 22622
108.000 23509
162.000 23504
129.000 21805
135.000 21773
143.000 21785
115.000 19192
156.000 19189
95.000 18354
134.000 19211
141.000 19217
182.000 19215
116.000 19208
121.000 19192
128.000 18337
129.000 19212
101.000 19205
107.000 19210
113.000 20051
119.000 20051
119.000 20076
159.000 20079
128.000 19193
97.000 19205
136.000 19209
147.000 19201
107.000 19194
146.000 20912
129.000 20066
136.000 20041
143.000 21768
116.000 20912
157.000 20905
99.000 22623
125.000 22631
141.000 21784
182.000 22645
118.000 23482
124.000 23524
130.000 24359
131.000 24364
104.000 23506
106.000 24367
113.000 23503
120.000 23515
123.000 23522
163.000 23530
93.000 22643
98.000 23511
139.000 23513
147.000 22629
108.000 20927
146.000 20922
129.000 21776
136.000 23491
142.000 23508
116.000 22637
157.000 23506
96.000 20059
133.000 22644
141.000 20935
115.000 20922
121.000 20928
126.000 20919
129.000 20917
131.000 20928
102.000 20917
108.000 21776
113.000 21782
118.000 20902
118.000 20078
158.000 20082
92.000 20924
100.000 20936
139.000 21796
147.000 21771
104.000 20056
143.000 20914
129.000 20910
137.000 20049
141.000 20901
114.000 20924
154.000 21778
96.000 20897
132.000 21783
140.000 20919
185.000 20917
116.000 20926
121.000 21796
127.000 20931
134.000 20915
102.000 20898
108.000 22642
115.000 23496
114.000 21773
120.000 22639
161.000 22631
127.000 21786
100.000 22631
141.000 22631
122.000 22642
102.000 20923
139.000 22649
128.000 22640
135.000 22641
142.000 23495
115.000 24377
155.000 25230
94.000 24361
120.000 25230
141.000 26094
182.000 26085
117.000 25238
122.000 25232
131.000 25210
132.000 25203
102.000 24359
108.000 24364
115.000 24371
117.000 23507
157.000 23505
126.000 23503
94.000 23504
99.000 22634
137.000 22640
116.000 23518
101.000 21769
143.000 21766
121.000 21768
127.000 21776
167.000 21773
106.000 22658
146.000 23521
99.000 21766
126.000 22621
165.000 22624
138.000 21782
109.000 22635
115.000 20913
119.000 20912
159.000 20914
97.000 21770
103.000 21783
108.000 21778
112.000 21776
152.000 21776
119.000 21778
89.000 24365
95.000 22635
135.000 22634
118.000 24366
101.000 23475
111.000 22621
116.000 22653
123.000 22671
163.000 22671
103.000 23514
144.000 23516
91.000 20906
121.000 21786
161.000 21779
134.000 21775
106.000 21780
109.000 23484
118.000 23511
157.000 23507
96.000 23493
100.000 23503
105.000 24377
109.000 24338
79.000 24337
86.000 24363
126.000 24366
95.000 23505
134.000 23505
118.000 23498
107.000 23480
145.000 23477
119.000 24363
125.000 23492
165.000 23485
106.000 24366
145.000 25230
94.000 22653
122.000 22645
163.000 22645
137.000 22659
108.000 23511
112.000 23516
120.000 23512
159.000 23513
95.000 23505
101.000 23503
104.000 23510
111.000 24351
152.000 24348
121.000 24363
127.000 24377
95.000 24372
135.000 24375
119.000 23509
104.000 24372
143.000 25232
119.000 23520
126.000 24366
166.000 24361
137.000 23492
144.000 23495
113.000 24370
122.000 24384
164.000 24382
138.000 24369
109.000 25240
113.000 25222
119.000 25215
160.000 25220
95.000 25231
102.000 25204
104.000 25209
111.000 25212
81.000 25208
121.000 25211
89.000 25183
95.000 24358
135.000 24362
117.000 25224
105.000 25239
141.000 25239
119.000 25214
125.000 25231
166.000 25230
104.000 25208
144.000 25207
91.000 20081
122.000 20921
163.000 20924
136.000 21789
107.000 20927
114.000 20929
118.000 20923
157.000 20928
100.000 21787
101.000 21772
105.000 20928
109.000 20916
149.000 20918
121.000 20930
127.000 20070
93.000 21770
134.000 21769
122.000 21772
105.000 21788
144.000 21787
113.000 21784
120.000 21808
160.000 21806
104.000 21799
144.000 21794
91.000 23502
121.000 24349
161.000 24352
133.000 22656
104.000 22646
113.000 23513
117.000 22656
159.000 22655
93.000 22625
99.000 22640
104.000 22662
109.000 22637
149.000 22636
118.000 23486
87.000 23514
96.000 23506
134.000 23508
118.000 23533
101.000 22635
140.000 22635
119.000 22650
126.000 22661
166.000 22654
107.000 23525
148.000 23524
117.000 23477
126.000 23490
165.000 24354
138.000 23511
108.000 24363
114.000 24377
121.000 24355
159.000 24350
100.000 24382
99.000 23505
104.000 24366
111.000 24372
152.000 24374
119.000 22636
88.000 23503
93.000 23511
133.000 23513
119.000 23509
105.000 22645
143.000 22644
117.000 23494
123.000 23493
166.000 23496
103.000 24348
144.000 24354
94.000 22621
120.000 24374
162.000 24367
134.000 24353
104.000 24357
111.000 24378
116.000 24401
157.000 24407
93.000 24368
99.000 24357
103.000 24374
109.000 24351
79.000 24357
119.000 24350
87.000 24381
94.000 24355
134.000 24357
117.000 23497
108.000 23497
145.000 23504
119.000 23503
125.000 23491
167.000 23489
105.000 23504
145.000 23513
90.000 23492
123.000 26902
162.000 26908
137.000 26925
142.000 26944
114.000 26957
120.000 26945
159.000 26946
95.000 26065
102.000 26094
105.000 26068
111.000 26070
151.000 26066
119.000 26085
88.000 26083
93.000 26075
135.000 26077
117.000 26070
101.000 26062
113.000 26080
119.000 26077
125.000 26071
164.000 26075
104.000 26083
145.000 26080
125.000 24387
123.000 24366
164.000 24365
138.000 24360
108.000 24377
112.000 24380
119.000 24367
160.000 24368
98.000 24371
101.000 24378
107.000 24386
111.000 24365
150.000 24366
118.000 24353
88.000 24376
94.000 24363
133.000 24363
121.000 24371
100.000 24358
112.000 24375
120.000 24332
124.000 24347
163.000 24346
105.000 24374
145.000 24377
124.000 23510
125.000 25219
163.000 25224
133.000 24358
105.000 24368
112.000 24364
118.000 25217
158.000 25218
93.000 24346
99.000 24379
105.000 24343
109.000 24332
150.000 24334
