103.000 25232
146.000 25232
86.000 24394
96.000 24362
103.000 25209
112.000 23512
118.000 25243
91.000 24345
97.000 24369
102.000 25256
112.000 25239
117.000 25260
90.000 23508
98.000 26088
102.000 25254
109.000 25252
114.000 25220
88.000 25221
94.000 25222
100.000 25232
107.000 25232
116.000 26093
91.000 26104
90.000 26095
95.000 25247
113.000 26088
149.000 26085
86.000 22669
96.000 24367
103.000 24347
110.000 25244
118.000 25219
92.000 26066
97.000 26092
107.000 24364
112.000 24376
115.000 23506
91.000 23514
95.000 23520
102.000 23508
107.000 22650
114.000 22644
88.000 22672
93.000 23523
103.000 23501
107.000 24349
113.000 24377
84.000 24345
89.000 24378
97.000 24365
103.000 24388
147.000 24384
87.000 23508
94.000 23507
104.000 23514
111.000 23499
116.000 24373
89.000 23487
95.000 23495
102.000 23494
111.000 23530
116.000 24400
87.000 24366
94.000 25250
100.000 25232
107.000 25252
114.000 25240
87.000 25257
92.000 25254
100.000 24369
104.000 25229
114.000 25256
84.000 24365
91.000 25220
98.000 24389
103.000 24360
143.000 24362
83.000 22638
92.000 24369
98.000 24375
107.000 23509
113.000 22672
87.000 23497
92.000 23526
100.000 22662
109.000 24374
113.000 25248
89.000 25242
92.000 25255
99.000 25234
105.000 25245
110.000 25226
85.000 25250
91.000 24369
97.000 26085
105.000 26083
111.000 26101
83.000 26957
91.000 26955
94.000 26958
101.000 26941
140.000 26942
88.000 23503
96.000 24365
102.000 22644
109.000 23488
115.000 23526
88.000 23494
96.000 23499
104.000 24345
109.000 24365
116.000 24359
91.000 24368
93.000 24377
100.000 24380
110.000 23521
114.000 24381
89.000 25227
93.000 25215
98.000 24337
106.000 24374
110.000 23528
84.000 23502
91.000 23508
97.000 23525
101.000 23507
143.000 23508
88.000 24370
92.000 24373
99.000 24387
107.000 24373
115.000 24365
87.000 24369
95.000 26107
102.000 26098
106.000 25240
111.000 24358
86.000 24342
90.000 26085
99.000 24358
105.000 25244
110.000 25241
83.000 25215
90.000 24374
97.000 24358
101.000 24378
110.000 23500
80.000 23526
86.000 23515
95.000 23507
103.000 24387
144.000 24389
79.000 24387
92.000 24378
99.000 24375
105.000 23534
146.000 23534
86.000 23526
93.000 23527
100.000 24402
104.000 23488
145.000 23490
126.000 23512
106.000 24386
115.000 25240
123.000 25239
163.000 25231
102.000 23506
107.000 24381
118.000 23489
121.000 23508
162.000 23516
99.000 23504
107.000 23514
115.000 24376
121.000 23517
161.000 23520
110.000 23531
101.000 26108
112.000 26082
115.000 26109
85.000 25242
90.000 25205
95.000 25221
102.000 26110
106.000 26100
146.000 26099
124.000 26064
101.000 26115
117.000 26092
122.000 26105
101.000 26095
105.000 26961
110.000 26095
118.000 26965
124.000 23497
164.000 23493
102.000 25239
111.000 24369
115.000 24368
121.000 25256
161.000 25249
113.000 24362
101.000 24382
108.000 25230
116.000 25232
155.000 25232
90.000 26081
96.000 26101
103.000 26104
105.000 25242
147.000 25244
124.000 26080
104.000 26952
120.000 25247
127.000 26091
166.000 26086
107.000 25241
112.000 25226
116.000 25237
125.000 25217
166.000 25216
102.000 25233
110.000 24339
115.000 24374
123.000 24367
162.000 24372
114.000 23516
101.000 23501
109.000 23504
116.000 23492
156.000 23499
92.000 23497
94.000 25228
103.000 25207
104.000 25216
145.000 25214
123.000 25232
104.000 24387
115.000 25226
123.000 24382
163.000 24382
106.000 23515
109.000 23488
118.000 23492
126.000 23486
165.000 23485
101.000 23516
109.000 23529
117.000 25263
122.000 24357
161.000 24358
111.000 25223
101.000 26094
110.000 26104
116.000 26109
157.000 26105
90.000 26115
94.000 25249
102.000 25249
103.000 26094
144.000 26088
123.000 26958
103.000 25233
117.000 25232
124.000 25231
96.000 25249
102.000 25233
111.000 24394
120.000 24374
123.000 25244
165.000 25248
104.000 24367
109.000 25223
114.000 24379
124.000 24374
162.000 24372
118.000 23523
133.000 23513
109.000 25252
114.000 24381
84.000 23532
93.000 23502
94.000 24378
106.000 24398
102.000 23515
144.000 23521
90.000 24394
104.000 24377
116.000 24371
123.000 24373
96.000 25246
105.000 25230
111.000 25235
116.000 25217
124.000 25243
164.000 25246
104.000 26090
108.000 25243
115.000 26101
121.000 25243
161.000 25244
99.000 23518
98.000 25238
108.000 23528
113.000 23502
87.000 24398
91.000 23492
99.000 24376
100.000 25239
107.000 25228
148.000 25228
97.000 24389
101.000 24352
116.000 25239
126.000 23504
96.000 25231
102.000 23516
111.000 23519
119.000 24370
123.000 24357
163.000 24365
105.000 22625
108.000 22674
116.000 22654
122.000 23519
163.000 23521
104.000 24349
102.000 25208
111.000 25246
113.000 25251
86.000 25230
90.000 26111
98.000 25240
101.000 24385
105.000 24357
145.000 24364
100.000 24376
113.000 25239
119.000 25219
124.000 25214
95.000 25250
104.000 25239
109.000 25229
116.000 26105
124.000 25236
163.000 25241
105.000 26103
110.000 26097
116.000 26090
121.000 26097
161.000 26100
104.000 22633
101.000 26079
109.000 24372
113.000 25235
86.000 26090
92.000 26092
100.000 26108
101.000 26099
104.000 26125
143.000 26124
98.000 26093
100.000 26090

