116.000 26105
123.000 26101
96.000 26957
102.000 26073
110.000 26079
118.000 26975
123.000 26088
163.000 26092
101.000 26099
106.000 24361
114.000 24380
120.000 24389
160.000 24385
125.000 23521
133.000 23526
110.000 23501
113.000 23510
85.000 24364
91.000 25237
95.000 23503
107.000 25213
101.000 25247
141.000 25246
89.000 24365
104.000 25230
117.000 26097
126.000 26105
97.000 25251
105.000 26075
110.000 26950
119.000 26958
125.000 25235
102.000 26094
101.000 25240
110.000 26934
117.000 26102
124.000 26068
161.000 26066
122.000 25247
100.000 25232
108.000 25235
115.000 25218
88.000 24368
91.000 25220
95.000 23510
103.000 23522
101.000 24356
141.000 24355
105.000 23518
108.000 24363
118.000 24380
128.000 23492
96.000 24378
104.000 25244
110.000 25243
117.000 25258
123.000 25244
164.000 25238
104.000 25256
109.000 25216
117.000 25233
157.000 25232
129.000 25228
101.000 25220
101.000 25247
110.000 26107
151.000 26100
83.000 26091
91.000 26093
95.000 26107
104.000 25218
142.000 25224
114.000 25224
102.000 25265
101.000 25248
116.000 25246
160.000 25242
95.000 25231
102.000 24355
109.000 25245
117.000 24378
161.000 24378
131.000 24364
103.000 25257
109.000 25211
118.000 25240
157.000 25242
128.000 25238
102.000 22655
99.000 23514
108.000 24369
151.000 24372
86.000 24378
90.000 24372
96.000 25235
99.000 24364
140.000 24360
113.000 24378
103.000 23522
104.000 24392
115.000 23522
158.000 23520
129.000 23500
103.000 23490
109.000 23513
115.000 24367
157.000 24358
96.000 23521
102.000 23518
107.000 24371
115.000 25225
156.000 25223
128.000 25237
99.000 22671
98.000 24370
109.000 26093
150.000 26099
122.000 24360
92.000 25215
94.000 24390
99.000 26103
138.000 26105
112.000 26111
91.000 24348
101.000 24381
117.000 24368
158.000 24367
131.000 26091
100.000 26091
111.000 25188
117.000 25223
158.000 25220
130.000 25241
101.000 25240
107.000 25219
114.000 26094
155.000 26092
125.000 25231
93.000 24388
94.000 24369
110.000 24365
149.000 24364
118.000 24354
87.000 25223
95.000 26121
99.000 26093
140.000 26097
112.000 26113
103.000 26124
103.000 26094
116.000 26108
157.000 26119
128.000 26109
102.000 26965
109.000 27838
117.000 27829
158.000 27825
132.000 26945
102.000 26968
109.000 26950
117.000 26952
162.000 26946
128.000 25230
101.000 24375
100.000 24378
109.000 24354
151.000 24356
85.000 23490
91.000 23495
95.000 24394
100.000 24356
141.000 24357
111.000 24379
88.000 23507
116.000 23496
115.000 24375
157.000 24378
130.000 24359
102.000 24366
112.000 25208
118.000 25234
159.000 25234
98.000 25262
103.000 26105
109.000 26092
113.000 25231
154.000 25236
128.000 26120
92.000 22645
122.000 23514
131.000 23531
149.000 24371
84.000 25238
88.000 24383
95.000 25222
99.000 25240
140.000 25239
115.000 25213
153.000 25214
103.000 24379
118.000 24376
160.000 24372
99.000 24381
104.000 25230
109.000 25241
117.000 23510
157.000 23509
99.000 24373
138.000 24366
109.000 23508
116.000 23497
157.000 23496
128.000 23498
100.000 22666
106.000 22661
110.000 21753
149.000 21762
86.000 21795
90.000 21791
95.000 20915
102.000 21766
142.000 21763
114.000 21797
102.000 20938
107.000 21797
143.000 24362
157.000 24357
97.000 24371
102.000 23509
111.000 23497
118.000 24379
157.000 24379
95.000 23504
104.000 23500
110.000 24376
117.000 23521
156.000 23523
128.000 23513
100.000 25239
108.000 24364
107.000 25220
148.000 25225
85.000 25218
124.000 26079
99.000 25245
102.000 25241
141.000 25244
113.000 25248
121.000 25254
130.000 25220
119.000 24338
159.000 24336
98.000 23523
103.000 24368
111.000 24388
116.000 24372
156.000 24370
95.000 26103
137.000 26105
110.000 24391
114.000 25238
154.000 25241
129.000 26114
90.000 22629
132.000 22652
107.000 24386
147.000 25250
82.000 24371
87.000 24378
96.000 24377
100.000 24379
138.000 24378
113.000 25258
103.000 26964
109.000 25237
141.000 24372
154.000 24374
98.000 23478
103.000 24365
109.000 23506
113.000 24364
152.000 24372
98.000 24363
136.000 24360
110.000 25232
115.000 25214
159.000 25220
128.000 24371
99.000 20928
106.000 22651