132.000 27778
172.000 27784
144.000 27802
149.000 27786
120.000 27811
128.000 27812
96.000 27804
101.000 27818
106.000 26939
112.000 26912
115.000 26927
155.000 26918
127.000 26072
120.000 26948
127.000 26933
135.000 26954
175.000 26950
150.000 26075
156.000 25221
130.000 26079
169.000 26078
86.000 23501
111.000 24352
119.000 23512
127.000 23498
133.000 23498
173.000 23496
110.000 24364
115.000 24377
120.000 24365
127.000 24357
95.000 24383
102.000 24369
105.000 24377
111.000 24346
115.000 25208
85.000 24394
126.000 24389
118.000 24348
129.000 24336
137.000 24355
177.000 24358
152.000 23509
158.000 24365
132.000 24358
171.000 24366
104.000 23509
116.000 26066
122.000 26080
130.000 26097
134.000 26956
174.000 26954
114.000 26932
117.000 26928
123.000 26093
126.000 26073
99.000 26059
103.000 26066
110.000 26092
113.000 26069
119.000 26057
159.000 26055
124.000 25210
119.000 26957
111.000 25221
137.000 25243
178.000 25243
151.000 26078
158.000 26091
132.000 26078
172.000 26070
87.000 24350
109.000 24357
123.000 24382
131.000 25232
134.000 26082
106.000 26081
110.000 26064
117.000 26096
123.000 25224
130.000 25204
98.000 25209
103.000 25212
104.000 25223
111.000 25227
114.000 25236
85.000 24370
126.000 24369
118.000 24370
111.000 24357
137.000 24375
177.000 24373
151.000 24363
158.000 24359
131.000 24367
171.000 24368
93.000 24361
115.000 24366
122.000 24349
129.000 24359
134.000 24329
174.000 24328
146.000 24373
116.000 24374
124.000 25221
128.000 26092
99.000 26931
103.000 26066
109.000 25233
113.000 26099
118.000 25228
87.000 26079
127.000 26077
119.000 26098
126.000 26048
136.000 26069
176.000 26072
151.000 26105
159.000 25200
132.000 26069
171.000 26070
86.000 25204
110.000 26933
123.000 26916
131.000 26937
135.000 27786
108.000 27794
114.000 27786
116.000 26943
123.000 26065
127.000 26947
99.000 26956
105.000 26923
108.000 26913
114.000 26928
115.000 26935
86.000 26912
126.000 26920
135.000 26077
126.000 26888
137.000 26888
177.000 26887
153.000 26939
159.000 26938
132.000 26909
172.000 26908
92.000 26074
116.000 26929
125.000 26936
130.000 26930
136.000 26930
176.000 26933
147.000 26943
116.000 26939
123.000 26947
128.000 26082
99.000 26084
104.000 26097
108.000 26107
114.000 26067
116.000 26089
87.000 26080
127.000 26082
133.000 26072
123.000 25210
137.000 25223
177.000 25218
152.000 25215
160.000 25237
132.000 26081
172.000 26087
91.000 25218
114.000 26912
123.000 26940
130.000 26954
136.000 26913
176.000 26911
113.000 26935
119.000 26936
123.000 26919
131.000 26942
97.000 26939
103.000 27811
108.000 26069
113.000 26066
116.000 26039
87.000 26074
127.000 26074
123.000 26063
128.000 26076
135.000 26079
175.000 26078
148.000 26086
156.000 26053
128.000 26091
168.000 26089
82.000 26067
108.000 26087
120.000 25185
127.000 25213
168.000 25210
139.000 26087
145.000 25221
116.000 25203
119.000 26916
160.000 26926
131.000 26936
137.000 26949
107.000 26944
110.000 26924
150.000 26928
120.000 26915
127.000 26937
116.000 26043
125.000 26085
103.000 26070
143.000 26074
149.000 26065
124.000 26074
129.000 26061
170.000 26060
109.000 26086
117.000 26945
152.000 26925
160.000 27807
167.000 27806
140.000 27787
146.000 27775
118.000 27808
120.000 27802
160.000 27805
132.000 27822
137.000 27798
107.000 27802
110.000 27760
151.000 27753
122.000 27782
128.000 27800
114.000 27793
129.000 27797
104.000 27789
144.000 27793
151.000 27781
126.000 27778
132.000 27808
172.000 27810
108.000 26096
115.000 26080
154.000 26078
161.000 26934
209.000 26952
143.000 26919
148.000 26945
117.000 26927
122.000 26944
164.000 26942
133.000 26918
138.000 26938
109.000 26957
112.000 26936
151.000 26933
122.000 26965
127.000 27779
114.000 27811
126.000 27781
104.000 28681
144.000 28682
152.000 26929
126.000 27791
131.000 26077
171.000 26085
115.000 23470
123.000 23509
153.000 23493
160.000 24353
168.000 24347
143.000 24345
149.000 23485
117.000 22631
121.000 22610
161.000 22613
132.000 22602
102.000 22641
108.000 22618
111.000 22648
151.000 22650
121.000 22614
127.000 22614
114.000 22620
125.000 22626
165.000 22625
144.000 22625
151.000 22632
159.000 22616
165.000 22644
171.000 22622
109.000 23483
116.000 24336
153.000 23495
161.000 25214
168.000 25218
141.000 23503
148.000 24367
118.000 24350
121.000 24366
161.000 24364
133.000 24344
138.000 24359
108.000 24349
112.000 24374
151.000 24377
121.000 24369
127.000 24356
113.000 24332
126.000 24375
104.000 24367
145.000 24369
152.000 24366
125.000 24335
131.000 24352
171.000 24348
110.000 23519
118.000 25234
154.000 25218
162.000 25219
170.000 25220
143.000 25202
149.000 25213
117.000 26049
121.000 26083
161.000 26082
135.000 26069
138.000 26057
108.000 26922
111.000 26070
151.000 26069
122.000 26079
127.000 26046
113.000 26080
128.000 26929
168.000 26935
144.000 26941
152.000 26931
160.000 26904
132.000 26072
172.000 26073
112.000 24355
129.000 26078
156.000 26069
162.000 26080
168.000 26071
142.000 26078
148.000 26090
118.000 26066
123.000 26083
163.000 26085
133.000 26918
138.000 26932
107.000 26949
111.000 26069
152.000 26070
121.000 26071
126.000 26072
86.000 26091
128.000 26072
105.000 26064
144.000 26060
151.000 26054
126.000 26076
132.000 26915
172.000 26918
120.000 24316
126.000 25212
155.000 24326
160.000 25207
169.000 25200
141.000 25207
148.000 25206
118.000 25215
120.000 23497
160.000 23497
132.000 24346
102.000 24358
106.000 24368
113.000 24335
153.000 24338
121.000 25204
127.000 25208
113.000 24351
130.000 24339
169.000 24341
144.000 24362
151.000 24350
159.000 24367
166.000 23493
172.000 23499
118.000 26068
135.000 24355
155.000 26058
163.000 26061
170.000 26075
140.000 25206
146.000 26083
118.000 26066
121.000 26070
160.000 26069
132.000 26053
138.000 26085
109.000 26055
110.000 26086
150.000 26082
121.000 26085
127.000 26072
139.000 26047
129.000 26068
169.000 26071
143.000 26078
150.000 26078
124.000 26067
130.000 26075
170.000 26068
111.000 26086
146.000 27798
154.000 27812
161.000 27778
169.000 27789
140.000 27796
146.000 26930
119.000 26924
121.000 26925
161.000 26924
132.000 26938
102.000 27797
109.000 27780
110.000 27799
150.000 27803
121.000 27801
126.000 27811
117.000 27798
129.000 27790
169.000 27790
144.000 27800
151.000 27810
158.000 27803
166.000 27803
171.000 27777
109.000 26073
117.000 27797
154.000 27802
162.000 27806
169.000 27797
141.000 27805
147.000 27794
121.000 27803
122.000 27815
163.000 27812
133.000 27813
140.000 27782
106.000 26924
109.000 26921
149.000 26929
121.000 26926
125.000 26919
134.000 26927
128.000 26061
169.000 26070
150.000 26080
154.000 26072
162.000 26951
135.000 26949
175.000 26949
121.000 27802
129.000 27770
157.000 27801
164.000 27804
171.000 27785
143.000 27801
150.000 27790
122.000 27795
123.000 27796
163.000 27797
135.000 27797
106.000 26936
109.000 27804
113.000 27784
152.000 27789
123.000 27788
127.000 26928
136.000 26893
125.000 26085
166.000 26085
146.000 26083
152.000 26091
126.000 26070
133.000 26064
172.000 26061
111.000 26925
146.000 26089