160.000 24360
167.000 24362
148.000 25228
155.000 24373
163.000 25213
167.000 25225
175.000 24361
121.000 22629
128.000 24354
157.000 24377
165.000 25220
172.000 25216
143.000 25234
149.000 26083
122.000 26083
123.000 26077
163.000 26070
134.000 26940
105.000 26066
112.000 26078
112.000 26934
152.000 26931
122.000 26934
128.000 26950
123.000 26936
129.000 26945
169.000 26948
142.000 26931
150.000 27805
157.000 27798
164.000 26948
170.000 26084
210.000 26087
113.000 26927
121.000 27792
161.000 27785
134.000 26915
140.000 27806
145.000 27808
117.000 26909
157.000 26917
126.000 27800
133.000 27790
104.000 26927
109.000 26923
149.000 26920
117.000 26929
122.000 26931
127.000 26070
138.000 26929
145.000 27770
136.000 26901
143.000 26924
149.000 26067
158.000 26076
163.000 26057
137.000 26070
110.000 26084
124.000 26064
122.000 26062
162.000 26061
136.000 26058
141.000 26093
147.000 26055
150.000 26077
157.000 26070
126.000 26068
133.000 26082
101.000 26082
105.000 26929
145.000 26928
115.000 26060
121.000 26928
127.000 26066
116.000 26936
123.000 26917
128.000 26940
145.000 27796
151.000 27785
158.000 26936
165.000 26931
139.000 26082
108.000 22614
116.000 22611
154.000 22630
162.000 22636
136.000 24350
143.000 25197
148.000 25223
119.000 23496
159.000 24357
127.000 24332
134.000 24354
102.000 23480
107.000 23497
146.000 23498
116.000 23475
123.000 24349
128.000 23490
116.000 25212
123.000 24340
134.000 24369
144.000 24338
151.000 24355
159.000 24365
165.000 25204
138.000 24350
108.000 24374
116.000 26072
153.000 26070
161.000 26932
136.000 26073
140.000 26960
112.000 26088
118.000 26088
159.000 26090
127.000 25228
134.000 25245
103.000 26954
106.000 26936
147.000 26941
116.000 26100
122.000 26066
128.000 26073
116.000 26093
123.000 26078
135.000 26085
144.000 26075
151.000 26104
159.000 26064
165.000 26089
138.000 26080
109.000 24358
117.000 26947
154.000 26075
162.000 26064
134.000 24379
141.000 24356
144.000 26074
119.000 26085
158.000 26083
127.000 26047
133.000 26077
104.000 25237
107.000 26066
146.000 26065
115.000 26076
120.000 26079
127.000 26094
138.000 27806
144.000 27802
135.000 27809
146.000 26955
154.000 26954
161.000 26915
168.000 26084
141.000 26935
111.000 24349
120.000 26059
144.000 26924
166.000 26930
137.000 26934
143.000 26923
148.000 26927
122.000 26047
163.000 26049
130.000 25240
135.000 26054
106.000 25209
107.000 25214
147.000 25215
117.000 25199
87.000 26067
127.000 26069
138.000 26084
145.000 24352
136.000 26075
144.000 26056
151.000 26064
159.000 26050
165.000 26073
139.000 26076
111.000 24337
116.000 26928
124.000 26937
163.000 26931
137.000 26939
142.000 26077
147.000 26081
154.000 26055
159.000 26074
127.000 26066
134.000 26054
105.000 25208
107.000 26056
147.000 26055
116.000 26080
121.000 26040
129.000 25216
142.000 25183
148.000 24347
134.000 24346
143.000 24363
150.000 24324
157.000 24353
165.000 25208
136.000 24355
108.000 26925
102.000 26930
121.000 26953
160.000 26947
135.000 26925
140.000 27784
145.000 26911
153.000 26930
157.000 26921
125.000 26936
132.000 26930
104.000 26939
108.000 26081
148.000 26076
118.000 26933
88.000 26942
129.000 26946
114.000 26917
121.000 26919
131.000 26943
146.000 26947
153.000 26084
161.000 26077
167.000 26079
141.000 26067
108.000 26079
104.000 26931
125.000 26934
164.000 26938
138.000 26904
145.000 26952
149.000 26925
156.000 26940
161.000 27781
130.000 27769
135.000 27771
107.000 27777
112.000 27746
151.000 27746
121.000 27771
123.000 27796
129.000 27787
114.000 27779
122.000 27791
133.000 27773
146.000 27793
155.000 27790
163.000 27783
167.000 27778
142.000 27803
114.000 28652
107.000 29495
126.000 31213
165.000 31216
139.000 29503
144.000 29509
148.000 28643
156.000 28634
163.000 28646
131.000 28678
135.000 28660
105.000 28666
111.000 28658
150.000 28666
118.000 28645
124.000 29514
129.000 28641
138.000 28639
145.000 29517
136.000 29510
144.000 29514
151.000 29511
160.000 29502
133.000 28647
138.000 28640
118.000 24348
113.000 25207
156.000 25207
128.000 26064
136.000 26073
142.000 26076
148.000 25200
152.000 24350
121.000 24341
126.000 25202
132.000 25217
105.000 24342
146.000 24340
111.000 24348
116.000 24349
121.000 24363
127.000 25197
108.000 24354
106.000 24335
130.000 24340
136.000 24331
144.000 24343
150.000 24344
124.000 24360
130.000 24345
111.000 23491
106.000 24362
147.000 24356
121.000 25234
128.000 26079
134.000 26956
140.000 26944
147.000 26940
117.000 26083
123.000 26092
128.000 25204
132.000 24350
137.000 26076
107.000 26937
113.000 26906
118.000 27798
125.000 27764
102.000 27794
106.000 26951
133.000 26077
140.000 26086
147.000 26919
155.000 26055
126.000 25207
132.000 26071
106.000 24368
109.000 28647
150.000 28642
123.000 27804
130.000 26894
137.000 26944
143.000 26077
148.000 26916
122.000 26923
126.000 26954
130.000 25218
101.000 26050
142.000 26055
108.000 26076
114.000 26082
119.000 26943
124.000 26937
101.000 26090
102.000 26088
132.000 26931
141.000 26927
154.000 26945
162.000 27798
170.000 27796
142.000 27807
114.000 26931
121.000 26942
123.000 26929
163.000 26929
132.000 26900
103.000 26946
109.000 26922
111.000 27800
151.000 27802
121.000 27775
126.000 27796
122.000 27792
129.000 27772
157.000 27762
144.000 27790
151.000 27790
159.000 27784
165.000 27795
171.000 26911
109.000 24371
117.000 24369
154.000 25217
162.000 24353
169.000 25217
142.000 25220
114.000 24347
121.000 24355
122.000 24335
162.000 24336
132.000 24350
103.000 25206
110.000 24363
111.000 24349
151.000 24348
121.000 25222
126.000 25225
137.000 24368
146.000 24374
169.000 26068
144.000 26097
151.000 25213
159.000 26083
164.000 25226
171.000 25226
102.000 24337
141.000 24379
150.000 24353
162.000 24366
169.000 24370
140.000 23480
147.000 25204
153.000 25236
123.000 24371
163.000 24370
134.000 24349
105.000 24363
108.000 24358
112.000 25223
151.000 25221
122.000 25217
127.000 25233
134.000 25234