97.000 25251
107.000 26085
77.000 26951
117.000 26949
89.000 26098
96.000 26120
101.000 25227
110.000 25248
116.000 24386
87.000 25205
94.000 24367
103.000 24375
106.000 24381
147.000 24379
93.000 23520
101.000 24354
109.000 24365
117.000 24341
123.000 24397
95.000 23507
101.000 25251
109.000 24365
80.000 24363
119.000 25226
92.000 24360
101.000 25252
109.000 25245
83.000 26106
122.000 26106
90.000 25219
99.000 25231
104.000 25252
108.000 25246
118.000 25217
88.000 25249
96.000 25227
104.000 26110
110.000 26110
149.000 26107
91.000 23512
101.000 23503
110.000 23513
114.000 23523
121.000 24396
94.000 24380
100.000 24374
107.000 24377
80.000 23523
120.000 23518
90.000 23503
100.000 23508
106.000 23517
112.000 23501
120.000 23509
93.000 23506
98.000 24361
106.000 24376
109.000 25215
116.000 24357
88.000 24393
95.000 24377
101.000 24379
106.000 24377
68.000 20933
92.000 22643
99.000 21786
106.000 21785
111.000 21806
119.000 21772
94.000 22636
98.000 22630
106.000 22654
111.000 22652
150.000 22657
109.000 22651
113.000 23513
129.000 23528
133.000 23497
109.000 23487
114.000 23526
118.000 23526
128.000 23517
132.000 23537
107.000 21792
114.000 22647
118.000 23522
127.000 24347
132.000 23531
173.000 23533
108.000 23534
109.000 24368
117.000 25229
121.000 24367
97.000 24389
98.000 24358
105.000 25268
109.000 24375
113.000 24375
154.000 24371
108.000 24356
110.000 25255
125.000 26107
131.000 23512
106.000 24377
111.000 23518
118.000 23498
124.000 22625
130.000 23504
105.000 23503
111.000 23525
116.000 23526
126.000 23502
128.000 23510
169.000 23505
102.000 22647
101.000 23513
118.000 23508
122.000 23526
95.000 24383
97.000 23523
104.000 24374
108.000 24360
111.000 24400
151.000 24395
104.000 23514
108.000 24363
125.000 24390
131.000 24384
105.000 24404
111.000 24375
118.000 24364
126.000 23525
130.000 24365
104.000 24392
109.000 24383
115.000 25216
124.000 25235
127.000 25251
167.000 25250
105.000 24371
106.000 22629
117.000 23508
122.000 24366
95.000 24388
98.000 24389
104.000 24370
109.000 24387
114.000 24374
153.000 24371
103.000 24396
107.000 22633
123.000 24359
132.000 24370
105.000 23522
111.000 23521
120.000 22644
125.000 25260
131.000 25243
105.000 25240
112.000 24347
115.000 23524
123.000 23519
128.000 24351
170.000 24352
100.000 21793
100.000 24373
118.000 24354
121.000 24386
92.000 24369
98.000 24388
102.000 24386
110.000 24350
112.000 24372
152.000 24378
129.000 24367
110.000 24376
122.000 24358
130.000 24385
104.000 24389
112.000 24367
115.000 24375
122.000 25220
131.000 25229
100.000 24363
107.000 24375
115.000 24374
120.000 25222
128.000 25231
167.000 25236
129.000 25247
138.000 24357
115.000 26102
118.000 26967
90.000 24398
96.000 23530
101.000 23505
110.000 21788
111.000 21800
153.000 21806
128.000 21796
109.000 22653
123.000 21800
128.000 22661
104.000 23542
109.000 23509
117.000 23518
123.000 22662
128.000 23509
103.000 24384
109.000 21780
114.000 21777
120.000 24367
130.000 24378
169.000 24368
119.000 21804
106.000 26956
115.000 26092
120.000 26096
92.000 25228
97.000 25222
101.000 25255
111.000 25239
111.000 26111
152.000 26112
131.000 26095
113.000 26094
121.000 26115
130.000 26963
107.000 25231
111.000 26094
116.000 25231
125.000 26118
131.000 26096
106.000 26100
108.000 26111
117.000 25244
125.000 25236
128.000 25240
167.000 25238
116.000 24362
106.000 24361
115.000 26108
119.000 25232
93.000 24341
99.000 26104
101.000 25223
109.000 25244
110.000 26114
151.000 26113
131.000 26962
133.000 25222
122.000 26072
130.000 26103
102.000 25233
109.000 25245
116.000 25260
124.000 26114
131.000 26945
106.000 26079
108.000 26942
115.000 26972
121.000 25224
130.000 26101
170.000 26103
117.000 23513
106.000 24360
113.000 25246
119.000 25248
94.000 25242
101.000 24394
105.000 25196
114.000 24382
111.000 24381
152.000 24379
130.000 24375
113.000 25229
125.000 24389
128.000 23512
104.000 25251
110.000 24375
117.000 24367
126.000 24372
132.000 24375
107.000 26085
108.000 26094
117.000 26100
120.000 26097
128.000 26122
168.000 26122
113.000 21785
101.000 22640
108.000 22647
117.000 22628
91.000 23514
99.000 23519
102.000 22660
108.000 23516
111.000 21786
151.000 21785
131.000 21794
115.000 21800
127.000 22639
131.000 22669
105.000 25242
111.000 25241
121.000 22637
126.000 24381
130.000 22635
105.000 23510
111.000 24370
116.000 25259
124.000 25243
131.000 25246
171.000 25249
117.000 22658
104.000 24370
111.000 26104
118.000 26126
92.000 25235
100.000 24366
105.000 25228
109.000 25229
111.000 24362
151.000 24364
130.000 24385
112.000 24366
122.000 24372
129.000 24388
103.000 24386
111.000 24363
116.000 24360
122.000 24371
131.000 24365
105.000 25242
109.000 26081
118.000 25228
121.000 25213
129.000 26123
168.000 26118
112.000 20916
102.000 22666
111.000 23514
117.000 24358
89.000 23511
98.000 25245
102.000 26076
108.000 26096
110.000 25205
150.000 25204
129.000 25223
108.000 25245
125.000 25224
131.000 25262
104.000 23517
113.000 24375
121.000 25245
124.000 25240
163.000 25239
103.000 24377
110.000 24378
120.000 24404
122.000 24364
162.000 24360
136.000 24369
120.000 24381
107.000 25210
115.000 25216
87.000 25222
95.000 25215
96.000 24381
106.000 24380
109.000 24384
149.000 24380
119.000 24382
108.000 25230
110.000 23508
124.000 24383
166.000 24382
102.000 24374
109.000 24360
117.000 23512
124.000 24348
164.000 24351
104.000 23505
109.000 24371
114.000 24365
121.000 24379
161.000 24373
132.000 24356
101.000 23514
103.000 24356
115.000 24359
155.000 24355
90.000 23503
97.000 23515
102.000 24362
107.000 23493
148.000 23489
119.000 24377
132.000 26116
119.000 26105
124.000 26093
165.000 26087
103.000 25231
109.000 24356
117.000 25219
125.000 24383
165.000 24379
105.000 23513
108.000 22666
116.000 23494
123.000 23505
96.000 25235
134.000 25233
95.000 25227
126.000 25233
116.000 24391
155.000 24384
90.000 23525
97.000 23517
101.000 23490
107.000 23499
81.000 24383
120.000 24384
74.000 24383
110.000 24364
127.000 25242
99.000 24377
105.000 24353
112.000 23525
119.000 24370
128.000 24378
166.000 24371
104.000 25231
110.000 26066
116.000 25242
125.000 25241
165.000 25236
135.000 25226
107.000 22650
106.000 22654
116.000 23503
156.000 23505
94.000 25206
97.000 26099
103.000 26079
110.000 26091
80.000 26102
121.000 26095
74.000 26102
110.000 26086
126.000 26103
97.000 23505
102.000 23513
109.000 25248
120.000 23517
123.000 23492
163.000 23490
101.000 22644
108.000 22656
115.000 20926
123.000 22651
163.000 22656
135.000 22649
66.000 23514
108.000 25238
115.000 23523
154.000 23525
90.000 23522
94.000 24373
103.000 23528
108.000 23508
79.000 24400
119.000 25257
76.000 23505
111.000 23509
125.000 24369
98.000 21796
102.000 21783
111.000 21774
119.000 22674
123.000 20934
162.000 20939
100.000 20067
108.000 20074
116.000 22661
124.000 22669
91.000 22660
130.000 22663
97.000 23499
110.000 24360
116.000 23514
157.000 23513
93.000 23489
96.000 22653
102.000 24384
106.000 23499
78.000 23523
119.000 23517
75.000 24391
111.000 23498
126.000 22633
166.000 22635
102.000 21784
110.000 21779
117.000 21778
125.000 21772
163.000 21765
100.000 22654
108.000 23511
116.000 23520
123.000 23511
89.000 21773
131.000 21765
98.000 22659
111.000 22652
116.000 22658
157.000 22658
94.000 24388
96.000 23518
104.000 23514