143.000 23493
111.000 23519
118.000 23510
158.000 23508
92.000 23512
97.000 23492
104.000 23505
144.000 23500
120.000 23499
118.000 23515
147.000 23477
126.000 23498
133.000 23486
174.000 23497
146.000 23512
152.000 23504
100.000 23512
126.000 23504
167.000 25213
144.000 24368
151.000 24384
157.000 25227
126.000 25223
166.000 26078
139.000 26072
144.000 26062
113.000 25231
118.000 24383
159.000 24382
94.000 26098
101.000 26095
102.000 26109
142.000 26965
119.000 26946
119.000 26084
149.000 26054
127.000 25228
133.000 26941
174.000 26952
146.000 27790
154.000 27802
106.000 26073
129.000 27817
169.000 27813
144.000 27789
151.000 26082
122.000 26073
127.000 26094
169.000 26093
138.000 27804
142.000 26942
113.000 26943
118.000 25221
88.000 26090
95.000 26081
101.000 25229
103.000 26062
143.000 26061
121.000 24372
120.000 24379
150.000 24361
127.000 24372
132.000 23495
173.000 23492
146.000 25233
152.000 25235
103.000 24341
129.000 24368
169.000 24368
144.000 24350
151.000 23509
158.000 24366
125.000 24363
165.000 24358
137.000 24351
144.000 25235
112.000 24386
118.000 25218
89.000 25238
95.000 25228
101.000 25222
103.000 26073
143.000 26080
120.000 24356
120.000 24358
150.000 24375
127.000 25222
133.000 24372
174.000 24371
114.000 24355
154.000 24360
102.000 25223
128.000 26921
169.000 26924
143.000 26944
149.000 26942
156.000 26945
126.000 26928
167.000 26931
139.000 26943
110.000 26945
113.000 26954
118.000 26958
88.000 26963
94.000 26941
102.000 26948
102.000 26957
143.000 26951
120.000 26930
120.000 26960
120.000 26930
127.000 26922
134.000 26930
173.000 26927
113.000 26938
154.000 26936
136.000 25219
146.000 24339
135.000 24352
141.000 24363
115.000 25221
121.000 25217
161.000 25225
133.000 25209
139.000 26079
109.000 25228
113.000 26114
153.000 26113
127.000 25237
131.000 26087
98.000 26096
104.000 24363
144.000 24365
116.000 26097
121.000 25232
89.000 26081
99.000 26954
138.000 26953
110.000 26950
115.000 26075
123.000 26067
110.000 23524
118.000 24360
116.000 24357
123.000 25227
99.000 24369
104.000 24359
144.000 24362
119.000 25199
124.000 24350
101.000 25233
104.000 25201
144.000 25202
117.000 24357
123.000 25237
96.000 25212
102.000 25196
142.000 25196
115.000 25219
122.000 26078
95.000 25195
99.000 25209
139.000 25207
113.000 25235
118.000 26091
125.000 25230
104.000 24333
114.000 24352
116.000 24358
123.000 24354
100.000 25223
105.000 25232
145.000 25234
118.000 25214
124.000 25225
96.000 25239
103.000 24358
143.000 24368
118.000 24373
123.000 24366
96.000 23511
102.000 24354
142.000 24351
116.000 24372
121.000 24345
94.000 24372
100.000 24370
140.000 24369
112.000 24367
118.000 24367
126.000 25209
104.000 24354
111.000 24373
115.000 24384
122.000 24362
98.000 24376
102.000 24362
142.000 24361
116.000 24362
123.000 24363
97.000 24369
103.000 25208
143.000 25210
116.000 24349
122.000 25226
94.000 24354
101.000 24351
141.000 24349
113.000 24353
118.000 24353
94.000 25219
102.000 25218
141.000 25215
115.000 24372
121.000 25222
127.000 25224
109.000 24368
116.000 25198
113.000 25236
121.000 25220
97.000 25220
102.000 25221
142.000 25214
116.000 25224
121.000 25219
96.000 25211
102.000 25229
141.000 25230
115.000 25228
120.000 24353
94.000 24379
100.000 24370
141.000 24374
113.000 24340
118.000 24359
91.000 24374
101.000 24378
137.000 24372
113.000 24366
117.000 23517
123.000 24350
113.000 23494
121.000 24352
114.000 26071
122.000 25214
97.000 25217
103.000 25249
144.000 25245
117.000 25209
123.000 25207
97.000 26077
103.000 26095
143.000 26089
116.000 26086
121.000 26091
95.000 26077
101.000 26055
141.000 26056
114.000 26096
119.000 26086
94.000 25222
100.000 25208
138.000 25211
111.000 25229
118.000 25248
125.000 25217
113.000 23503
121.000 23510
114.000 23501
121.000 23501
97.000 22637
102.000 22640
142.000 22640
117.000 22645
122.000 22651
94.000 23497
101.000 23488
141.000 23490
115.000 23492
121.000 22630
93.000 22634
100.000 22631
140.000 22626
112.000 22655
118.000 22663
93.000 22651
100.000 21790
141.000 21792
115.000 21778
120.000 21762
127.000 21785
109.000 22639
115.000 23506
107.000 24363
121.000 24354
97.000 23489
102.000 23505
142.000 23506
115.000 23512
121.000 24357
95.000 24351
101.000 25220
141.000 25220
114.000 25203
121.000 26121
93.000 25227
100.000 25231
140.000 25231
110.000 25225
118.000 26076
128.000 26099
100.000 25223
140.000 25220
114.000 24380
121.000 24376
127.000 24363
103.000 24379
110.000 25240
112.000 25222
119.000 25201
94.000 25230
100.000 26074
140.000 26076
114.000 26083
120.000 26084
93.000 26066
99.000 26101
138.000 27825
112.000 26946
120.000 27789
87.000 26935
97.000 26938
136.000 26935
112.000 26099
119.000 25224
95.000 25223
101.000 25237
141.000 25233
114.000 24374
120.000 25226
127.000 24384
109.000 26099
117.000 26078
111.000 26082
119.000 26076
94.000 26949
100.000 26058
141.000 26053
114.000 26090
119.000 26073
93.000 26062
99.000 26078
138.000 26081
111.000 26067
118.000 26079
89.000 26073
98.000 26071
138.000 26067
113.000 26086
119.000 26059
93.000 26096
101.000 26092
140.000 26093
113.000 26092
86.000 26064
127.000 26060
113.000 23511
123.000 22638
113.000 24330
121.000 24346
130.000 22631
102.000 22632
142.000 22629
114.000 23495
121.000 21775
96.000 22630
103.000 21786
142.000 21784
115.000 22652
86.000 21748
94.000 22653
100.000 22648
140.000 22650
113.000 22657
85.000 22646
93.000 21803
98.000 21758
138.000 22611
112.000 23494
84.000 24364
125.000 24358
111.000 26090
121.000 27808
111.000 28643
119.000 28646
126.000 27822
134.000 27789
141.000 26934
114.000 26063
86.000 26945
94.000 26949
101.000 26926
141.000 26929
113.000 27793
87.000 27804
92.000 28632
98.000 28639
138.000 28642
113.000 27795
118.000 26950
94.000 27793
99.000 27803
140.000 27795
114.000 27798
119.000 27781
127.000 28648
112.000 26108
120.000 25211
113.000 25208
120.000 25235
130.000 26075
101.000 26936
141.000 26937
115.000 26956
88.000 26932
95.000 26087
101.000 26927
141.000 26926
116.000 26959
87.000 26958
94.000 26116
99.000 26956
139.000 26956
112.000 26941
118.000 26937
94.000 26934
101.000 26932
139.000 26929
115.000 26926
121.000 26949
127.000 26946
112.000 23475
120.000 23489
110.000 23475
119.000 23503
126.000 23480
100.000 23507
140.000 23506
111.000 23515
85.000 23512
92.000 23506
98.000 23498
138.000 23497
113.000 23487
84.000 23488
87.000 23485
95.000 23486
135.000 23482
113.000 23514
119.000 23510
94.000 23471
101.000 23485
141.000 23481
113.000 23470
120.000 23496
126.000 23486
109.000 23482
117.000 24368
112.000 24346
118.000 24342
128.000 24397
