147.000 29519
119.000 29509
159.000 29516
130.000 29519
137.000 28661
107.000 29519
110.000 29505
150.000 29504
122.000 30386
125.000 30384
132.000 29535
123.000 30362
130.000 29519
142.000 29509
145.000 30389
154.000 30382
161.000 30398
167.000 29528
141.000 28670
111.000 27774
122.000 28684
125.000 28658
166.000 30373
139.000 31241
144.000 31249
115.000 29528
119.000 30397
159.000 30396
134.000 30379
137.000 31239
109.000 30382
109.000 29499
150.000 29501
123.000 29513
91.000 30363
131.000 30366
135.000 30381
145.000 30365
135.000 30376
141.000 30382
152.000 30357
125.000 30383
165.000 30375
138.000 30368
119.000 26058
128.000 24367
123.000 24342
164.000 24342
136.000 24361
139.000 24350
114.000 25204
118.000 24354
157.000 25210
131.000 24354
135.000 25214
107.000 26083
109.000 25220
149.000 25216
118.000 25223
125.000 25213
129.000 25214
137.000 25211
143.000 26070
137.000 24359
145.000 24335
153.000 23471
127.000 23488
167.000 23489
141.000 24355
116.000 25214
124.000 26948
128.000 26057
167.000 26065
145.000 26926
144.000 26946
116.000 27793
120.000 26075
159.000 26078
134.000 27796
137.000 27804
109.000 28648
110.000 27788
149.000 27784
120.000 28652
125.000 27811
130.000 28636
141.000 28677
147.000 28651
141.000 27796
146.000 28659
122.000 27807
127.000 26942
168.000 26940
140.000 28666
113.000 24359
121.000 25207
154.000 26056
167.000 26076
139.000 26916
144.000 26924
117.000 26915
120.000 26070
160.000 26070
132.000 26068
135.000 26931
107.000 26937
112.000 26913
152.000 26912
121.000 26918
127.000 26912
130.000 26923
123.000 26048
129.000 26060
137.000 26050
144.000 26900
152.000 26069
125.000 26062
166.000 26067
139.000 26071
108.000 25235
117.000 26946
151.000 26924
166.000 26930
174.000 27779
139.000 26908
114.000 27800
119.000 27803
159.000 27799
132.000 27768
101.000 26944
107.000 26966
108.000 26921
148.000 26917
122.000 26923
90.000 26919
131.000 26924
140.000 26943
147.000 26934
140.000 26931
145.000 26942
153.000 26072
127.000 26064
167.000 26060
140.000 26927
109.000 23502
110.000 24346
149.000 25209
166.000 25217
138.000 25229
107.000 25175
117.000 25219
121.000 26087
161.000 26087
133.000 26077
103.000 26073
109.000 26056
111.000 26071
151.000 26069
88.000 26060
93.000 26091
132.000 26092
136.000 26080
141.000 25224
136.000 25213
143.000 25219
120.000 25218
126.000 25216
166.000 25220
141.000 25211
111.000 25204
114.000 25206
153.000 25211
165.000 25226
137.000 25201
141.000 26073
147.000 25216
155.000 25200
125.000 25187
132.000 26055
134.000 26067
105.000 26074
146.000 26068
118.000 26077
124.000 26064
92.000 26084
133.000 26081
114.000 26079
106.000 26080
127.000 26078
141.000 26064
149.000 26067
153.000 26074
128.000 26085
134.000 26083
95.000 23518
105.000 23473
145.000 23474
127.000 23474
134.000 23494
139.000 23499
146.000 23506
150.000 23512
122.000 23500
128.000 23498
131.000 23484
102.000 23500
143.000 23496
113.000 23468
119.000 23482
88.000 24317
128.000 24314
116.000 23477
107.000 23483
128.000 23497
141.000 23468
149.000 23486
154.000 23488
128.000 23477
135.000 23512
114.000 26046
113.000 25174
153.000 25175
126.000 25206
133.000 25206
138.000 25190
146.000 25203
149.000 25212
122.000 25221
128.000 25207
98.000 24355
104.000 24331
144.000 24328
115.000 24360
121.000 24357
89.000 25194
129.000 25189
114.000 25184
107.000 25161
128.000 25177
143.000 25197
117.000 24345
156.000 25202
130.000 24329
137.000 25213
119.000 22642
114.000 22636
154.000 22632
128.000 23493
135.000 23482
139.000 23485
146.000 23491
151.000 23525
125.000 23509
131.000 23504
99.000 23466
104.000 23519
143.000 23518
115.000 23509
121.000 23464
89.000 24378
131.000 24378
118.000 24371
108.000 24364
127.000 24359
141.000 24350
147.000 24352
154.000 24362
128.000 23494
135.000 24368
109.000 24344
110.000 26928
150.000 26925
131.000 26923
134.000 27805
137.000 27816
145.000 27805
150.000 27783
122.000 26953
129.000 27781
99.000 26930
103.000 26934
142.000 26932
114.000 27801
120.000 27787
88.000 27782
128.000 27784
116.000 27803
121.000 26939
136.000 26928
142.000 26956
150.000 26953
156.000 26923
129.000 26931
135.000 26953
113.000 26070
114.000 26080
155.000 26081
128.000 26067
136.000 26071
140.000 26071
148.000 26063
152.000 26085
123.000 26075
130.000 26062
99.000 26085
103.000 26078
143.000 26075
114.000 26070
120.000 26077
88.000 26061
129.000 26054
113.000 26077
107.000 26048
129.000 26075
142.000 26093
149.000 26073
157.000 26062
131.000 25216
138.000 26052
112.000 25200
114.000 26951
154.000 26959
129.000 26112
137.000 26943
140.000 26088
147.000 26932
150.000 26943
123.000 26944
129.000 26903
99.000 26928
104.000 26929
144.000 26932
113.000 26929
120.000 26914
88.000 26924
129.000 27774
117.000 27775
107.000 27815
127.000 27779
141.000 27770
147.000 27795
154.000 27779
128.000 26933
136.000 26912
115.000 25212
113.000 26085
154.000 26086
127.000 26927
132.000 26090
137.000 26965
145.000 26084
149.000 26094
122.000 26059
128.000 25224
99.000 26092
103.000 26093
142.000 26098
113.000 26060
120.000 26922
88.000 26059
128.000 26923
114.000 26948
106.000 26062
129.000 26932
143.000 27797
116.000 26931
156.000 26928
131.000 26078
138.000 26092
116.000 24345
123.000 24347
156.000 23460
129.000 25212
136.000 25215
140.000 25216
147.000 25217
151.000 24342
123.000 23516
129.000 23502
101.000 23498
103.000 24363
144.000 24357
115.000 25227
122.000 26090
89.000 23485
130.000 23484
114.000 22643
106.000 23464
130.000 23501
110.000 23486
117.000 24333
156.000 24331
130.000 23480
137.000 24345
113.000 24335
121.000 22647
155.000 23476
128.000 26932
135.000 26920
141.000 26053
147.000 25213
153.000 25193
122.000 25213
129.000 25205
100.000 25213
104.000 25211
144.000 25213
114.000 25211
87.000 26087
90.000 26085
130.000 26084
110.000 26918
107.000 26933
129.000 26921
144.000 26035
117.000 26081
157.000 26080
130.000 26055
137.000 25221
117.000 26069
127.000 27792
165.000 27793
161.000 27784
169.000 26923
140.000 26085
145.000 27817
117.000 26929
125.000 26082
130.000 29505
134.000 27796
137.000 27799
109.000 27816
115.000 27804
119.000 27813
89.000 27796
129.000 27793
101.000 28671
106.000 27815
114.000 28646
122.000 28669
127.000 27802
100.000 27806
106.000 27781
113.000 28655
91.000 25228
100.000 26077
140.000 26080
107.000 26088
114.000 25225
121.000 26085
128.000 24378
102.000 25228
108.000 25225
113.000 25221
85.000 24375
125.000 25229
98.000 24370
