26.000 14024
37.000 14028
41.000 14011
80.000 14870
54.000 14882
63.000 14869
32.000 14886
38.000 14887
78.000 14891
51.000 14025
59.000 14887
35.000 14018
40.000 13155
80.000 13156
53.000 13172
27.000 13158
32.000 13168
37.000 14040
78.000 14035
32.000 12269
81.000 13156
41.000 13170
50.000 13162
82.000 14014
56.000 13175
42.000 13158
43.000 13163
42.000 13170
82.000 13169
57.000 13164
63.000 13147
39.000 13163
44.000 13166
84.000 13169
60.000 13164
61.000 13166
35.000 13153
39.000 13160
77.000 13159
51.000 13175
28.000 13159
28.000 14013
37.000 14023
77.000 14028
47.000 13180
62.000 14901
38.000 15751
41.000 14885
81.000 14885
53.000 14899
28.000 14030
67.000 14028
41.000 13163
80.000 13157
53.000 12287
61.000 14019
35.000 12305
41.000 13166
81.000 13162
54.000 12322
60.000 12309
33.000 13170
41.000 12315
80.000 12312
14.000 12314
22.000 14913
31.000 14896
36.000 14017
77.000 14017
118.000 14013
60.000 11435
68.000 11418
41.000 11421
80.000 11423
56.000 12298
28.000 12309
34.000 12296
40.000 12290
80.000 12294
52.000 12315
28.000 12314
34.000 12301
42.000 12302
80.000 12304
54.000 12315
60.000 12319
32.000 13157
42.000 13149
80.000 13149
16.000 13175
56.000 13177
31.000 13167
37.000 13166
77.000 13169
116.000 13164
62.000 14034
67.000 14882
42.000 14875
83.000 14873
55.000 14021
28.000 14026
34.000 14024
40.000 13169
79.000 13172
52.000 13174
61.000 14019
33.000 13173
40.000 14027
81.000 14033
52.000 14020
59.000 14850
35.000 14013
40.000 14879
79.000 15740
18.000 14880
59.000 14879
32.000 14883
40.000 14903
81.000 14904
118.000 14907
60.000 12309
33.000 12311
41.000 13998
83.000 14000
55.000 13168
27.000 13166
34.000 14025
42.000 14020
79.000 14020
22.000 11449
63.000 11449
31.000 11443
39.000 11445
82.000 12304
54.000 12288
58.000 13168
32.000 13176
38.000 13142
77.000 13140
55.000 13159
30.000 13158
35.000 14039
38.000 14889
78.000 15751
34.000 14031
40.000 14875
36.000 14883
42.000 14025
82.000 14024
62.000 14883
31.000 14893
74.000 15756
41.000 14040
80.000 14041
54.000 14906
31.000 14886
35.000 14018
41.000 14033
80.000 14032
57.000 14039
29.000 13171
37.000 13152
39.000 14022
81.000 14027
19.000 13187
25.000 13164
29.000 14027
35.000 14046
75.000 14042
51.000 13158
65.000 13168
40.000 14019
46.000 14016
85.000 14871
57.000 14857
33.000 16608
38.000 16588
44.000 16594
85.000 16590
58.000 14891
29.000 14026
39.000 14890
43.000 15725
83.000 15722
22.000 12302
28.000 12307
34.000 14012
43.000 13166
82.000 13165
55.000 13166
25.000 14017
33.000 14015
39.000 15744
78.000 15745
34.000 16605
40.000 16605
36.000 16615
42.000 17431
83.000 17435
56.000 15763
30.000 17464
37.000 15743
43.000 16597
82.000 16600
56.000 16584
30.000 17459
38.000 16590
42.000 17442
83.000 17442
54.000 15757
27.000 15740
38.000 15754
40.000 17472
79.000 17470
56.000 17455
28.000 16609
30.000 15744
37.000 16613
78.000 16618
116.000 16619
60.000 13169
68.000 13168
40.000 13160
79.000 13163
54.000 13157
28.000 13161
33.000 12300
40.000 12293
80.000 12299
56.000 12288
27.000 13174
34.000 12311
41.000 12302
80.000 12303
52.000 11453
26.000 9724
36.000 10587
38.000 10576
79.000 10574
49.000 10589
25.000 10599
31.000 9740
36.000 9717
77.000 9718
50.000 15741
57.000 16603
68.000 16595
41.000 16626
81.000 16620
54.000 16579
28.000 15746
33.000 15757
40.000 16624
79.000 16625
55.000 15743
25.000 14877
33.000 14033
40.000 14026
80.000 14883
50.000 14015
29.000 13169
36.000 13185
40.000 13145
80.000 13148
53.000 14019
26.000 14026
30.000 14015
70.000 14014
46.000 14030
88.000 14026
66.000 12308
41.000 12316
79.000 12321
50.000 12299
57.000 12309
31.000 13162
37.000 14023
80.000 14023
117.000 14025
59.000 14031
70.000 14035
51.000 14015
86.000 14017
59.000 14017
70.000 14031
37.000 13161
46.000 13154
83.000 13156
57.000 14013
61.000 14014
35.000 14887
43.000 14895
83.000 14897
56.000 14881
32.000 14893
42.000 15749
38.000 15751
79.000 16604
50.000 16585
56.000 16599
25.000 15745
30.000 15755
72.000 15758
31.000 15720
50.000 15742
62.000 15748
46.000 15737
86.000 15737
60.000 15754
67.000 14900
37.000 14893
46.000 15735
86.000 15735
58.000 14893
65.000 14878
39.000 15749
43.000 15771
83.000 15771
54.000 15750
35.000 14013
56.000 14028
37.000 14024
76.000 14024
49.000 14010
54.000 14042
26.000 14032
32.000 14035
72.000 14032
110.000 14034
56.000 13163
68.000 14871
44.000 13162
83.000 14023
57.000 14020
65.000 14010
35.000 13178
45.000 13164
86.000 13167
59.000 14035
31.000 13184
39.000 13165
42.000 13175
82.000 13172
53.000 14023
34.000 12317
39.000 13181
36.000 13172
77.000 13171
48.000 14029
21.000 13166
26.000 13180
29.000 14047
71.000 14901
28.000 14026
50.000 13165
63.000 12298
47.000 14902
87.000 14902
59.000 15751
64.000 14903
39.000 14029
45.000 13170
85.000 13160
59.000 13160
28.000 13157
36.000 14021
41.000 14878
79.000 14883
54.000 14895
95.000 14894
52.000 13188
38.000 13160
78.000 13162
48.000 13154
55.000 12295
25.000 13184
29.000 13170
71.000 13170
42.000 13162
54.000 13160
63.000 13171
44.000 14889
84.000 14893
58.000 14879
65.000 14897
36.000 14898
45.000 15759
86.000 15762
55.000 15743
63.000 16592
37.000 15745
41.000 15750
83.000 15750
56.000 15754
34.000 11450
42.000 11433
40.000 14016
76.000 14871
48.000 14013
55.000 14013
29.000 14033
28.000 14033
68.000 14035
29.000 14019
51.000 13157
62.000 13168
47.000 13169
86.000 13173
59.000 13159
67.000 13179
38.000 13161
44.000 13157
84.000 13157
57.000 12315
30.000 13175
39.000 13153
44.000 13152
85.000 13160
59.000 13172
97.000 13172
66.000 12300
38.000 14023
77.000 14886
51.000 14912
22.000 12309
29.000 12329
28.000 12302
68.000 14022
46.000 13165
55.000 14021
42.000 15758
45.000 15752
86.000 15758
60.000 16603
69.000 16611
38.000 16608
45.000 14882
85.000 14888
59.000 15761
29.000 15726
40.000 16608
44.000 16611
84.000 16608
55.000 16587
32.000 12318
34.000 14033
37.000 13190
77.000 13194
50.000 12294
19.000 12307
24.000 13175
31.000 14027
73.000 14033
39.000 13176
50.000 14011
42.000 14025
45.000 15766
85.000 15764
60.000 14027
68.000 14877
37.000 14885
46.000 14880
85.000 14873
57.000 14898
28.000 14024
41.000 14025
39.000 13173
80.000 13171
56.000 13160
41.000 14030
50.000 13171
38.000 13161
76.000 14020
50.000 14883
22.000 13166
31.000 13174
35.000 13173
72.000 13172
38.000 13163
43.000 14028
42.000 12316
46.000 13178
85.000 13177
58.000 13169
64.000 13182
39.000 14014
45.000 13173
85.000 13172
56.000 13156
30.000 13155
37.000 13155
42.000 13996
81.000 13998
55.000 14024
41.000 14023
31.000 14889
38.000 14021
78.000 14023
48.000 14877
55.000 14894
27.000 14025
28.000 14000
70.000 14000
48.000 14041
54.000 14009
36.000 14029
43.000 14005
83.000 14004
58.000 14011
66.000 14023
39.000 15729
46.000 15746
87.000 15742
58.000 15738
30.000 14870
33.000 14862
42.000 15744
81.000 15746
55.000 16607
33.000 11457
31.000 12297
39.000 12309
78.000 13170
46.000 13173
20.000 14035
33.000 13166
30.000 14886
70.000 14885
46.000 14023
54.000 14008
43.000 13160
45.000 13161
86.000 13161
60.000 13171
66.000 13157
40.000 13166
44.000 12309
84.000 12309
74.000 14032
62.000 14033
38.000 13139
44.000 13175
83.000 13173
55.000 12304
39.000 12296
30.000 11455
38.000 13165
77.000 13165
50.000 12300
19.000 10584
28.000 10570
68.000 10570
39.000 13164
31.000 13170
55.000 13164
41.000 15768
81.000 15763
53.000 15763
56.000 14022
65.000 14009
37.000 15738
80.000 15738
52.000 14896
58.000 14887
64.000 14028
76.000 14042
77.000 15749
48.000 14892
55.000 14885
54.000 12309
62.000 13164
69.000 14009
43.000 14034
48.000 13161
22.000 14026
28.000 14896
68.000 14899
40.000 14897
80.000 14893
56.000 13170
39.000 15718
80.000 15722
52.000 15731
58.000 14875
64.000 13997
37.000 14907
77.000 14902
53.000 15746
58.000 15741
66.000 16602
37.000 15765
79.000 15769
49.000 14890
55.000 14893
34.000 14889
31.000 16621
73.000 16625
44.000 16586
52.000 16611
22.000 15758
25.000 16591
65.000 16589
41.000 16609
80.000 17473
41.000 17469
73.000 14892
81.000 14868
52.000 14880
61.000 14868
64.000 14894
37.000 14033
78.000 14035
51.000 14033
58.000 14889
64.000 14876
35.000 15771
79.000 16632
49.000 16588
58.000 15737
45.000 14905
61.000 15742
70.000 15747
45.000 14880
50.000 14907
23.000 14915
27.000 14905
69.000 14906
40.000 14857
79.000 14862
54.000 15744
39.000 14018
81.000 14019
53.000 14860
60.000 13147
65.000 14033
39.000 14886
80.000 14890
56.000 14044
61.000 14038
67.000 14890
38.000 15745
78.000 15749
50.000 15746
55.000 15736
31.000 13170
25.000 14914
68.000 15763
43.000 15745
51.000 15744
55.000 15757
29.000 14894
67.000 14893
41.000 15752
79.000 15754
