56.000 13162
63.000 13168
36.000 13162
42.000 13137
48.000 13169
56.000 13149
61.000 13151
32.000 14012
36.000 14029
44.000 13158
50.000 14026
55.000 14021
29.000 13142
31.000 14013
38.000 14027
46.000 14006
50.000 14033
35.000 14023
45.000 14017
52.000 14002
60.000 14028
65.000 14012
104.000 14008
59.000 11438
49.000 12299
59.000 12306
63.000 12289
38.000 12298
42.000 12307
49.000 12290
56.000 12295
62.000 12292
33.000 12314
37.000 12301
42.000 12278
51.000 12296
56.000 12277
28.000 11436
30.000 11432
44.000 11423
34.000 11441
51.000 11445
34.000 12307
44.000 11430
51.000 11424
59.000 12310
65.000 11435
106.000 11435
49.000 11442
55.000 12292
59.000 12310
64.000 13153
38.000 12288
43.000 13167
50.000 12285
58.000 13141
63.000 12295
33.000 13159
37.000 13171
43.000 13160
50.000 13157
55.000 13167
27.000 13155
30.000 12297
37.000 12300
37.000 13163
52.000 13155
34.000 13154
44.000 13167
50.000 13156
60.000 13175
65.000 13154
107.000 13158
48.000 11436
49.000 11418
56.000 11434
66.000 11429
37.000 11443
44.000 11450
49.000 11453
55.000 11442
62.000 11444
34.000 11430
39.000 11440
43.000 11441
51.000 11458
55.000 11447
27.000 11437
30.000 11442
38.000 11438
35.000 11424
51.000 11434
37.000 11437
46.000 11432
50.000 11445
59.000 11449
64.000 11411
106.000 11414
54.000 11439
48.000 13154
59.000 12302
64.000 12293
38.000 13157
42.000 12293
49.000 12268
55.000 13150
62.000 13156
33.000 13158
38.000 14005
43.000 14024
58.000 13135
31.000 13157
71.000 13162
37.000 10571
39.000 12295
58.000 12319
63.000 12296
36.000 12298
76.000 12302
48.000 13164
58.000 13134
64.000 13149
68.000 12274
73.000 13153
44.000 12284
51.000 13169
57.000 12306
62.000 13140
67.000 12293
107.000 12294
44.000 13161
54.000 13134
60.000 13175
77.000 13164
52.000 13160
59.000 12300
32.000 13162
72.000 13159
18.000 11433
23.000 14012
57.000 14014
65.000 14029
73.000 14020
78.000 14014
50.000 14030
58.000 14018
63.000 14027
34.000 14028
75.000 14024
47.000 14004
53.000 14012
58.000 13175
27.000 13133
68.000 13135
108.000 13133
45.000 13163
54.000 13152
60.000 13143
80.000 13163
52.000 13148
62.000 13150
34.000 13167
73.000 13162
42.000 12294
40.000 13160
59.000 14016
64.000 14009
71.000 14031
78.000 14034
51.000 14039
58.000 13169
63.000 14027
72.000 14024
74.000 14028
46.000 14007
51.000 13162
58.000 14871
27.000 13154
67.000 14009
33.000 14874
45.000 14898
58.000 15725
60.000 15735
78.000 16599
54.000 16623
59.000 15728
33.000 15743
73.000 15743
114.000 15746
42.000 12303
61.000 11440
65.000 10575
72.000 10582
44.000 11440
50.000 11431
56.000 12288
63.000 11445
69.000 11423
40.000 11439
46.000 12316
51.000 11448
57.000 12290
64.000 12294
34.000 12306
73.000 12302
46.000 12300
53.000 12292
61.000 11445
43.000 12302
51.000 12297
57.000 12313
33.000 12294
73.000 12298
113.000 12293
26.000 12297
53.000 12303
65.000 12291
75.000 12297
44.000 12311
49.000 12291
56.000 13175
61.000 13158
68.000 13152
41.000 13165
44.000 13161
50.000 13166
56.000 13159
63.000 12311
34.000 13148
34.000 13161
45.000 12286
53.000 11434
60.000 11449
43.000 11446
50.000 11439
58.000 11430
32.000 12294
71.000 12297
112.000 12295
28.000 12302
55.000 12293
67.000 12288
72.000 12297
41.000 12292
49.000 12267
56.000 13153
61.000 12307
67.000 13159
38.000 13151
44.000 13175
50.000 13171
56.000 13143
64.000 13134
36.000 13140
74.000 13140
44.000 13169
53.000 13145
60.000 13166
44.000 12296
51.000 12297
58.000 12288
32.000 12282
71.000 12283
111.000 12284
35.000 13150
58.000 13166
63.000 13161
70.000 13162
42.000 13163
49.000 12319
54.000 12310
61.000 13174
68.000 13168
39.000 13152
44.000 13150
52.000 13160
56.000 13166
65.000 13161
36.000 13154
34.000 12281
48.000 13167
53.000 12300
60.000 12309
44.000 13152
52.000 13165
58.000 13147
66.000 13185
71.000 13162
112.000 13161
64.000 11440
58.000 11434
66.000 12305
71.000 12274
42.000 12306
48.000 12310
54.000 12300
62.000 12309
73.000 12296
40.000 12296
46.000 12308
52.000 12304
55.000 13144
61.000 12307
33.000 12288
33.000 12304
44.000 12275
56.000 12289
64.000 13155
43.000 12288
52.000 12300
57.000 12315
32.000 13147
72.000 13151
113.000 13149
55.000 12290
90.000 12298
64.000 12270
72.000 12315
43.000 13178
49.000 12322
56.000 12305
28.000 13168
68.000 14023
39.000 14026
44.000 14022
51.000 14019
57.000 13154
62.000 14027
35.000 13163
35.000 13161
46.000 12305
54.000 13151
59.000 14009
43.000 14012
51.000 14015
58.000 14013
33.000 14012
72.000 14010
113.000 14009
36.000 12305
58.000 12304
63.000 12300
69.000 12295
43.000 11444
49.000 11450
56.000 11445
61.000 11440
68.000 11437
39.000 11446
45.000 11446
51.000 11426
56.000 11438
62.000 11438
34.000 11463
36.000 11444
46.000 11449
53.000 11431
60.000 12317
42.000 12301
52.000 12306
58.000 12303
65.000 12302
72.000 12303
112.000 12301
59.000 11455
56.000 11461
63.000 11430
70.000 11442
43.000 11425
49.000 12299
55.000 12321
62.000 11444
67.000 11440
39.000 11447
45.000 12308
50.000 12304
57.000 12298
62.000 12312
35.000 12298
36.000 12284
45.000 11441
55.000 11423
62.000 13155
44.000 13167
51.000 13142
58.000 13162
32.000 13166
72.000 13164
112.000 13167
58.000 14023
63.000 14005
66.000 13975
71.000 14005
43.000 13165
49.000 13167
55.000 13150
62.000 14884
67.000 15726
39.000 14878
45.000 13147
52.000 12309
56.000 13163
63.000 13149
35.000 13143
35.000 13161
49.000 13173
54.000 14018
61.000 13164
44.000 13157
53.000 14012
59.000 14005
32.000 14023
71.000 14884
111.000 14881
70.000 12292
58.000 14016
64.000 14007
70.000 14007
43.000 13157
49.000 14874
55.000 14007
61.000 14870
69.000 14893
39.000 14878
45.000 14865
50.000 14016
57.000 14867
63.000 14004
36.000 14011
35.000 13135
45.000 13165
84.000 13169
59.000 14025
45.000 14860
55.000 14886
62.000 14863
37.000 14013
76.000 14015
116.000 14013
62.000 12298
58.000 13160
69.000 13144
76.000 12314
46.000 12305
55.000 12288
58.000 11420
65.000 11441
71.000 11459
42.000 12279
48.000 12308
54.000 13148
59.000 13152
67.000 13143
35.000 13162
37.000 13164
47.000 12306
53.000 12311
61.000 12289
43.000 12299
50.000 13168
59.000 13149
30.000 13168
71.000 13169
112.000 13166
69.000 12305
57.000 12303
63.000 12288
71.000 12296
44.000 13170
48.000 13165
65.000 13152
59.000 13158
66.000 13155
39.000 13161
45.000 11430
50.000 11416
57.000 11435
61.000 11421
33.000 10589
34.000 10589
46.000 10583
54.000 10571
60.000 10575
43.000 10571
54.000 10560
58.000 10574
32.000 11420
71.000 11418
111.000 11418
60.000 12300
53.000 13126
64.000 12309
71.000 11442
43.000 11433
49.000 12282
56.000 12302
61.000 12314
67.000 12310
41.000 14030
44.000 12305
51.000 12293
58.000 12306
63.000 14019
35.000 11437
35.000 12300
46.000 13165
50.000 13136
61.000 12297
42.000 14024
52.000 14028
56.000 14028
31.000 14015
70.000 14015
111.000 14013
53.000 11425
57.000 11438
62.000 11424
71.000 11439
42.000 11437
49.000 11445
54.000 11447
61.000 11447
67.000 11435
39.000 11436
44.000 11431
52.000 11439
56.000 11441
62.000 12298
35.000 12308
34.000 11440
45.000 11429
55.000 11434
95.000 11432
36.000 12285
41.000 12291
48.000 12292
56.000 12295
96.000 12296
68.000 12290
52.000 13164
47.000 13152
55.000 13139
28.000 13149
34.000 13139
41.000 13174
48.000 13171
52.000 13159
94.000 13159
32.000 13151
37.000 12314
43.000 13161
50.000 13167
22.000 12306
28.000 12305
37.000 12307
39.000 13155
48.000 13142
27.000 12290
32.000 12303
39.000 13174
46.000 13154
52.000 12290
92.000 12294
67.000 12305
19.000 12304
44.000 10570
53.000 10567
28.000 11443
32.000 11433
38.000 11435
44.000 11416
51.000 11429
91.000 11429
29.000 11434
37.000 11419
