72.000 13161
44.000 13175
50.000 13166
56.000 13161
61.000 13174
66.000 13163
40.000 13165
45.000 13172
51.000 13172
56.000 13180
61.000 13157
100.000 13156
38.000 13184
80.000 13183
83.000 13140
92.000 13161
47.000 13160
53.000 14009
59.000 13164
65.000 14016
106.000 14017
67.000 14876
51.000 15733
59.000 15699
65.000 15745
71.000 15747
44.000 15732
50.000 15734
56.000 14865
61.000 14873
67.000 15729
40.000 15737
46.000 15724
52.000 15738
55.000 15742
61.000 15731
102.000 15732
44.000 15742
45.000 15743
52.000 15735
72.000 15742
46.000 15737
52.000 15754
59.000 15757
65.000 15738
107.000 15733
64.000 11441
49.000 11431
60.000 12290
65.000 12295
72.000 12296
43.000 12300
49.000 13166
59.000 14868
61.000 14889
68.000 14000
39.000 14014
44.000 14876
50.000 13155
56.000 13161
62.000 13159
102.000 13158
38.000 14878
47.000 14890
53.000 14020
71.000 14020
46.000 14037
53.000 14015
60.000 14016
66.000 14008
106.000 14015
32.000 14878
53.000 15711
59.000 14897
65.000 15725
71.000 14904
44.000 14855
49.000 14875
56.000 15759
61.000 14858
68.000 14876
40.000 14856
44.000 14871
52.000 14878
56.000 14854
61.000 15718
102.000 15720
39.000 14018
47.000 14866
52.000 15740
73.000 14892
47.000 14905
55.000 13167
60.000 13175
67.000 13168
107.000 13167
68.000 13165
53.000 13130
61.000 13145
66.000 14028
73.000 14016
45.000 14021
51.000 14003
57.000 14009
63.000 14014
69.000 14022
39.000 14026
45.000 14010
51.000 14019
56.000 14014
63.000 14004
103.000 14004
34.000 14017
44.000 14015
54.000 14012
61.000 14013
35.000 14017
41.000 14025
49.000 14019
55.000 14007
97.000 14008
59.000 13144
45.000 14012
54.000 14012
61.000 14026
101.000 14027
38.000 13159
45.000 13157
53.000 13164
59.000 13161
99.000 13161
37.000 13157
44.000 13157
50.000 13166
57.000 14028
31.000 14005
71.000 14008
41.000 13172
47.000 13163
44.000 14027
84.000 14024
44.000 14012
50.000 14034
57.000 14034
64.000 14009
105.000 14008
55.000 12298
46.000 13148
57.000 13172
64.000 13998
105.000 14001
42.000 13152
47.000 13163
54.000 14015
61.000 13985
34.000 13157
39.000 14015
45.000 13176
51.000 12303
56.000 13167
28.000 13167
68.000 13164
34.000 13149
44.000 13145
45.000 13153
86.000 13157
71.000 13157
49.000 13162
56.000 13159
63.000 13167
104.000 13166
55.000 14008
62.000 13145
86.000 14015
96.000 14015
103.000 14007
41.000 14017
47.000 14013
53.000 13996
60.000 14021
100.000 14016
38.000 14030
45.000 14027
50.000 14013
55.000 14014
28.000 14019
34.000 14023
74.000 14021
75.000 14007
45.000 13164
86.000 13166
43.000 14028
51.000 14000
58.000 14001
64.000 14028
104.000 14024
60.000 13148
66.000 14007
90.000 14012
96.000 14033
105.000 14029
44.000 14010
50.000 14023
56.000 14016
61.000 14004
101.000 14012
40.000 14016
44.000 14017
50.000 14018
56.000 14021
28.000 14032
34.000 14006
38.000 14038
46.000 14023
42.000 14021
81.000 14027
43.000 14013
51.000 14014
57.000 14042
64.000 14029
104.000 14027
55.000 13156
62.000 14025
87.000 14017
96.000 14022
105.000 14021
43.000 14024
49.000 14003
55.000 14023
61.000 14019
34.000 14872
41.000 14889
45.000 14868
51.000 14894
56.000 14012
28.000 14867
34.000 14858
35.000 14883
76.000 14878
46.000 14900
87.000 14900
43.000 14873
51.000 14894
58.000 14872
64.000 14890
104.000 14890
60.000 14000
66.000 14884
89.000 14861
96.000 14876
103.000 14886
42.000 14892
49.000 14893
56.000 14881
61.000 14006
34.000 14006
39.000 14028
43.000 14021
50.000 14022
56.000 14012
28.000 14879
34.000 14003
35.000 14891
75.000 14889
46.000 14885
86.000 14890
43.000 14880
51.000 14848
58.000 14882
64.000 14866
105.000 14872
60.000 14021
66.000 14010
91.000 14028
96.000 14024
104.000 14009
44.000 14001
49.000 14024
56.000 14015
61.000 14015
101.000 14013
41.000 14026
44.000 13153
51.000 14030
55.000 13154
28.000 14015
36.000 13155
74.000 13154
77.000 13161
84.000 13156
85.000 13142
44.000 14016
51.000 14018
58.000 14030
65.000 14023
105.000 14019
62.000 14026
67.000 14868
90.000 14004
97.000 14016
105.000 14011
44.000 14022
50.000 14024
57.000 14023
62.000 14019
34.000 13133
41.000 13139
45.000 13166
50.000 13155
56.000 13165
30.000 13139
69.000 13138
36.000 13147
77.000 13141
44.000 13164
84.000 13167
45.000 13143
51.000 13163
60.000 14025
64.000 13148
105.000 13147
61.000 14017
67.000 14009
90.000 14027
96.000 14000
105.000 14026
43.000 13998
48.000 14029
55.000 14013
62.000 14025
34.000 14021
39.000 14036
45.000 14020
50.000 14024
56.000 13999
28.000 13148
34.000 14014
35.000 14028
76.000 14028
46.000 13162
86.000 13168
44.000 14009
51.000 13987
58.000 14009
64.000 14022
104.000 14019
60.000 14023
66.000 14011
88.000 14019
96.000 13982
103.000 14024
42.000 13994
49.000 14021
55.000 13998
61.000 14020
34.000 13991
39.000 14016
44.000 14015
50.000 14021
55.000 14019
28.000 14014
35.000 14007
35.000 14026
44.000 14019
45.000 14008
85.000 14004
43.000 13151
51.000 13169
59.000 13145
99.000 13145
71.000 13163
54.000 13149
61.000 13169
86.000 13997
96.000 13995
71.000 13154
44.000 13996
49.000 13995
55.000 14006
96.000 14003
33.000 14023
41.000 14010
44.000 13151
51.000 13161
90.000 13171
29.000 13160
34.000 13149
34.000 13162
75.000 13158
85.000 13173
62.000 13145
35.000 13142
43.000 13167
50.000 12300
89.000 12309
61.000 13147
47.000 14010
52.000 14007
78.000 14013
87.000 14021
61.000 14009
34.000 13996
40.000 14024
47.000 14003
86.000 14000
60.000 14027
31.000 14009
38.000 14027
44.000 14027
84.000 14019
23.000 14007
31.000 14008
35.000 14006
42.000 14006
83.000 14008
58.000 14013
31.000 14026
37.000 13979
44.000 13994
84.000 13989
58.000 14025
43.000 13186
50.000 13168
76.000 13161
86.000 14005
26.000 14006
33.000 14886
39.000 14898
46.000 14012
86.000 14011
25.000 14868
31.000 15740
37.000 15730
45.000 16573
84.000 16573
24.000 15738
66.000 15732
34.000 14023
43.000 14872
83.000 14875
29.000 14868
34.000 14874
41.000 14013
48.000 14032
88.000 14033
63.000 14877
48.000 14004
53.000 14875
47.000 14878
88.000 15738
30.000 15749
68.000 15752
42.000 14868
48.000 14021
87.000 14013
25.000 14868
32.000 14886
38.000 14890
44.000 14876
84.000 14877
24.000 14872
30.000 14875
30.000 14877
44.000 14891
86.000 14891
29.000 14864
35.000 14875
42.000 14872
50.000 14870
89.000 14867
63.000 14875
47.000 12284
53.000 13165
79.000 13140
90.000 12302
31.000 13139
37.000 13155
43.000 13164
49.000 13129
89.000 13130
30.000 13154
37.000 13159
42.000 13155
49.000 13174
88.000 13171
28.000 13146
35.000 13135
38.000 13153
78.000 13148
86.000 13172
29.000 13153
35.000 13147
41.000 13155
47.000 13158
87.000 13154
61.000 12292
47.000 14026
53.000 14001
50.000 13162
90.000 13161
31.000 12300
39.000 12302
44.000 12293
50.000 12292
90.000 12292
30.000 11428
37.000 13154
42.000 12292
48.000 12290
88.000 12287
29.000 12296
35.000 12289
40.000 12282
79.000 12275
86.000 12298
29.000 12291
35.000 12295
41.000 12295
48.000 12297
89.000 12296
61.000 12311
101.000 12306
86.000 13156
100.000 14020
89.000 14011
63.000 14035
70.000 14024
44.000 14026
50.000 14041
90.000 14039
30.000 14034
37.000 14898
42.000 14888
48.000 14020
89.000 14021
29.000 14890
34.000 14873
39.000 14886
78.000 14883
86.000 14882
29.000 14888
35.000 14878
41.000 14870
49.000 14889
89.000 14890
62.000 14868
48.000 14032
52.000 14852
78.000 14873
88.000 14870
28.000 14878
68.000 14876
41.000 14876
47.000 14877
86.000 14876
28.000 14883
31.000 14890
37.000 14869
44.000 14853
84.000 15711
25.000 15764
30.000 15724
31.000 15761
42.000 15738
82.000 15747
28.000 15738
34.000 15750
74.000 15752
48.000 15752
88.000 15745
62.000 14859
46.000 12292
53.000 12302
80.000 12295
89.000 12300
31.000 12298
37.000 13158
42.000 13167
49.000 13146
89.000 13151
28.000 13179
35.000 13134
41.000 12308
48.000 12301
88.000 12297
28.000 13164
36.000 13148
38.000 14028
77.000 14030
86.000 14020
62.000 14016
68.000 13142
43.000 14022
48.000 14025
89.000 14022
62.000 13152
100.000 13153
87.000 13158
77.000 13162
54.000 13145
62.000 14011
34.000 14883
40.000 14890
81.000 14887
53.000 13151
27.000 13160
33.000 14038
38.000 14001
77.000 13998
50.000 14021
24.000 14018
30.000 14035
29.000 13159
70.000 13158
46.000 13143
53.000 12296
76.000 12298
87.000 12302
93.000 13165
67.000 13167
74.000 13124
55.000 14031
62.000 14018
92.000 14011
64.000 14034
71.000 14020
78.000 14021
51.000 14022
92.000 14021
63.000 14039
35.000 14030
40.000 14017
46.000 14027
87.000 14026
57.000 14025
28.000 13139
34.000 13170
40.000 13156
82.000 13151
122.000 13157
57.000 13155
83.000 13161
87.000 13161
94.000 13148
68.000 13169
76.000 13163
59.000 11445
72.000 11450
90.000 11440
65.000 11441
72.000 12287
78.000 12311
85.000 13163
94.000 13172
64.000 13138
35.000 13172
41.000 12298
46.000 13156
86.000 13154
58.000 13143
30.000 13172
35.000 13152
35.000 13161
76.000 13160
48.000 13160
56.000 13178
80.000 13176
87.000 13147
93.000 12287
66.000 12300
74.000 12297
56.000 13148
63.000 13163
92.000 13159
63.000 13160
38.000 13154
46.000 13150
50.000 13158
90.000 14022
62.000 13157
35.000 14032
74.000 14029
47.000 14016
88.000 14881
57.000 14869
29.000 14855
36.000 14867
40.000 14883
83.000 14880
49.000 14865
57.000 14874
79.000 14890
85.000 14879
92.000 14886
66.000 14878
74.000 14861
55.000 14015
62.000 14034
90.000 14003
65.000 13987
39.000 13143
44.000 13168
51.000 14034
90.000 14036
62.000 14028
34.000 14020
39.000 14030
45.000 13165
85.000 13167
57.000 13997
29.000 14010
70.000 14011
73.000 14030
75.000 14004
47.000 14018
55.000 13148
76.000 14012
85.000 14014
92.000 13153
66.000 13161
72.000 13157
61.000 14008
50.000 14032
90.000 14030
31.000 14017
73.000 14014
78.000 14025
50.000 14022
91.000 14021
30.000 14026
71.000 14021
74.000 13996
46.000 14024
86.000 14029
22.000 14024
27.000 14014
67.000 14017
41.000 14027
80.000 14032
48.000 14024
56.000 14023
75.000 14012
86.000 14014
93.000 14016
66.000 14020
73.000 14872
56.000 12311
62.000 12310
89.000 12306
64.000 13161
71.000 13153
77.000 13158
84.000 13165
89.000 13159
29.000 13180
70.000 13182
75.000 13161
44.000 13166
84.000 14027
59.000 14038
65.000 14027
68.000 14028
74.000 14013
80.000 14012
49.000 14012
57.000 13162
80.000 14026
52.000 13162
92.000 13160
66.000 13172
73.000 13169
56.000 14020
63.000 14014
90.000 14009
64.000 14011
73.000 14016
77.000 14018
84.000 14023
90.000 14015
62.000 14029
69.000 14010
74.000 13990
46.000 14017
86.000 14018
57.000 14025
29.000 14023
35.000 14005
74.000 14007
75.000 14020
47.000 14024
55.000 13987
77.000 14012
88.000 14041
93.000 14015
67.000 14035
74.000 14002
57.000 13133
63.000 13156
91.000 13137
64.000 13169
71.000 13156
78.000 12298
85.000 12309
92.000 13170
28.000 13151
69.000 13153
41.000 13141
46.000 13163
86.000 13160
25.000 13146
28.000 12268
34.000 13158
74.000 13160
75.000 13142
48.000 13148
55.000 13123
78.000 13162
86.000 13151
92.000 13163
67.000 13153
75.000 13139
56.000 14016
62.000 14018
89.000 14858
63.000 14892
71.000 14876
78.000 14869
52.000 14890
92.000 14890
29.000 14880
69.000 14882
74.000 14892
47.000 14893
86.000 14896
23.000 14861
29.000 14879
34.000 14882
73.000 14883
75.000 14019
48.000 14043
56.000 14012
77.000 14016
85.000 14004
92.000 14023
65.000 14033
74.000 14024
58.000 14029
63.000 14880
90.000 14877
64.000 14853
71.000 14886
77.000 14849
50.000 14848
90.000 14848
29.000 14879
69.000 14878
40.000 14004
46.000 14027
85.000 14024
23.000 14026
29.000 14002
33.000 14013
73.000 14017
47.000 14004
49.000 14015
57.000 14021
76.000 14026
88.000 14013
59.000 13999
64.000 14004
74.000 14029
59.000 12308
66.000 12284
57.000 12290
65.000 12297
73.000 12299
77.000 12295
82.000 12296
54.000 12309
28.000 12313
68.000 12307
41.000 12294
81.000 12294
53.000 12288
57.000 12291
63.000 12302
37.000 12301
74.000 12302
45.000 12297
48.000 13177
55.000 13162
75.000 14025
86.000 13147
59.000 13156
65.000 13149
74.000 13172
59.000 13145
67.000 14011
57.000 14021
65.000 13162
72.000 14008
78.000 14015
84.000 14871
56.000 14002
