55.000 14036
61.000 14004
68.000 14014
74.000 14023
79.000 14018
52.000 14009
58.000 13983
64.000 14023
69.000 14017
73.000 14022
46.000 14017
52.000 14886
58.000 14014
62.000 14878
64.000 14027
41.000 14872
47.000 14028
65.000 13994
77.000 14031
85.000 13995
58.000 14875
64.000 14861
104.000 14859
96.000 14012
112.000 13172
55.000 14031
61.000 14031
67.000 14027
74.000 14027
80.000 14020
52.000 13154
59.000 13165
65.000 13164
69.000 13121
73.000 13184
46.000 13155
52.000 13175
60.000 13136
63.000 13157
67.000 13156
107.000 13153
48.000 13168
69.000 14018
77.000 14009
84.000 14033
57.000 14023
64.000 14031
103.000 14030
93.000 13173
100.000 14007
55.000 14019
60.000 13991
67.000 13984
74.000 14010
79.000 14011
53.000 13153
58.000 13149
64.000 14027
68.000 13155
73.000 14005
46.000 14027
52.000 14010
22.000 14029
62.000 14029
66.000 13154
30.000 13147
37.000 13169
66.000 13999
76.000 14005
83.000 14012
57.000 13156
64.000 14020
104.000 14020
57.000 13155
82.000 13152
56.000 13154
61.000 13150
68.000 13150
74.000 13141
80.000 13143
53.000 13145
60.000 13156
64.000 13150
69.000 13145
73.000 13166
46.000 13138
51.000 13162
23.000 13159
62.000 13158
68.000 13124
39.000 13157
45.000 13146
63.000 13174
76.000 13164
83.000 13149
56.000 13149
63.000 13152
103.000 13151
93.000 13155
81.000 14010
55.000 14024
61.000 14029
66.000 14019
74.000 14030
80.000 14008
53.000 14021
58.000 14003
64.000 14019
71.000 14011
74.000 13999
46.000 14034
53.000 14024
59.000 14020
62.000 14024
66.000 14023
39.000 14001
45.000 14005
70.000 14866
76.000 14029
84.000 14024
57.000 14883
63.000 14881
104.000 14877
93.000 13156
83.000 13164
55.000 13149
62.000 13130
68.000 13172
74.000 13158
79.000 13160
51.000 13147
61.000 14018
63.000 14029
68.000 14017
73.000 14017
46.000 14011
53.000 14030
24.000 14022
62.000 14016
65.000 14032
31.000 14013
37.000 14012
64.000 14018
74.000 13990
81.000 14013
55.000 14032
62.000 14032
102.000 14029
91.000 12286
47.000 12303
54.000 12309
60.000 12308
67.000 12299
73.000 12299
44.000 12289
50.000 12317
56.000 12310
62.000 12298
69.000 12309
39.000 12290
45.000 12297
51.000 12309
21.000 12301
63.000 12302
33.000 12304
74.000 12302
80.000 12303
69.000 12304
77.000 12304
49.000 12301
56.000 12292
63.000 12286
103.000 12285
90.000 13149
49.000 13147
56.000 13145
62.000 13148
67.000 14011
72.000 14014
46.000 14880
53.000 14883
60.000 15727
64.000 13146
69.000 14023
40.000 13156
47.000 14028
52.000 14021
21.000 13999
63.000 14000
102.000 13998
42.000 14017
48.000 14003
67.000 14011
75.000 14006
47.000 14014
54.000 14009
61.000 14000
101.000 14001
88.000 13168
48.000 12301
54.000 12283
60.000 13141
66.000 12288
73.000 12290
44.000 12291
52.000 12287
58.000 13174
62.000 12298
67.000 12297
39.000 12299
45.000 12309
50.000 12309
56.000 12303
62.000 12292
34.000 12305
74.000 12306
70.000 12307
64.000 12285
77.000 12298
49.000 12278
56.000 12304
62.000 12299
102.000 12299
89.000 13167
97.000 14880
55.000 14865
64.000 15724
68.000 14882
75.000 14898
45.000 14009
51.000 14028
57.000 14028
63.000 14882
68.000 14881
40.000 14879
48.000 14865
50.000 15732
21.000 15708
61.000 16573
34.000 15708
74.000 15710
70.000 15736
64.000 15762
78.000 17467
50.000 15751
56.000 16598
62.000 15725
102.000 15728
88.000 14010
94.000 14018
89.000 14018
63.000 14011
68.000 14019
72.000 14019
45.000 14013
52.000 14022
59.000 14009
64.000 14015
70.000 14035
42.000 14010
45.000 14022
51.000 14017
23.000 14016
64.000 14018
34.000 14000
74.000 13998
82.000 14008
69.000 14024
76.000 14003
48.000 14022
55.000 13991
62.000 13979
102.000 13983
89.000 13163
95.000 13143
56.000 13122
62.000 13146
67.000 13155
72.000 14027
45.000 14017
51.000 14008
57.000 14001
63.000 14022
69.000 14019
40.000 13153
47.000 13160
51.000 13149
21.000 13148
61.000 13150
33.000 13149
75.000 13149
80.000 13165
87.000 13155
109.000 13156
114.000 13136
54.000 13143
61.000 13144
101.000 13140
89.000 13170
96.000 15737
55.000 15740
60.000 15714
66.000 14872
71.000 14881
44.000 14886
50.000 14875
57.000 14890
62.000 14870
68.000 14879
40.000 14876
44.000 14864
51.000 14888
21.000 14886
61.000 14884
33.000 14869
73.000 14868
83.000 14893
69.000 14892
75.000 13999
48.000 14869
56.000 14874
62.000 14028
102.000 14024
87.000 13164
94.000 17463
89.000 15742
62.000 16594
67.000 16596
72.000 16605
45.000 15738
52.000 15724
57.000 14866
63.000 15748
69.000 15733
40.000 15732
45.000 15738
51.000 15728
22.000 15697
62.000 15700
33.000 16604
41.000 15721
48.000 15751
68.000 15744
75.000 16584
47.000 16577
54.000 15741
62.000 16615
101.000 16616
88.000 14018
94.000 14892
54.000 14871
60.000 14881
66.000 14887
71.000 14857
43.000 14872
50.000 14882
57.000 14884
62.000 14860
69.000 14887
40.000 14886
45.000 14893
50.000 14884
21.000 14884
62.000 14883
33.000 14863
73.000 14863
81.000 14874
68.000 14881
75.000 14870
48.000 14885
55.000 14863
61.000 14865
101.000 14868
87.000 13146
94.000 13161
56.000 12309
62.000 12296
67.000 12314
71.000 12310
44.000 12300
51.000 12301
56.000 11433
62.000 12314
68.000 12314
39.000 13154
46.000 13167
51.000 13157
21.000 13161
60.000 13165
35.000 13152
74.000 13151
82.000 13143
88.000 13165
106.000 13157
116.000 13183
55.000 12291
63.000 12293
102.000 12294
94.000 13164
100.000 13163
55.000 13156
61.000 14022
69.000 14033
74.000 14020
47.000 12310
51.000 12309
59.000 13167
63.000 11450
69.000 13150
40.000 12307
47.000 12285
51.000 13154
57.000 13172
62.000 12323
33.000 13162
73.000 13161
80.000 13161
86.000 12291
76.000 12298
49.000 12312
55.000 13143
64.000 12311
103.000 12307
92.000 13171
98.000 14010
90.000 14020
96.000 14891
67.000 14032
75.000 14039
45.000 14869
52.000 14884
57.000 14878
62.000 14880
68.000 14895
40.000 14888
46.000 14867
51.000 14898
22.000 14885
62.000 14879
34.000 14888
74.000 14888
81.000 14881
88.000 14879
109.000 14884
116.000 14876
55.000 14891
63.000 14891
102.000 14885
78.000 12308
85.000 13165
56.000 13160
61.000 13168
68.000 14018
74.000 14015
45.000 13165
51.000 14017
57.000 14029
63.000 14016
68.000 14019
39.000 14005
46.000 14010
51.000 14013
20.000 14025
60.000 14888
34.000 14020
43.000 14024
51.000 14018
68.000 14026
76.000 14021
48.000 14013
54.000 14016
62.000 14023
101.000 14022
95.000 14012
101.000 14018
54.000 13994
60.000 14021
67.000 14019
72.000 14024
44.000 13999
50.000 14037
58.000 14018
62.000 14034
69.000 14023
41.000 13998
47.000 14033
52.000 14013
21.000 14005
62.000 14860
33.000 14018
41.000 14006
80.000 14008
69.000 14029
76.000 13995
50.000 14014
55.000 14023
62.000 14024
102.000 14020
87.000 14016
93.000 17460
89.000 16585
95.000 16586
68.000 16598
75.000 16584
45.000 16601
52.000 15729
58.000 15742
62.000 15728
67.000 15748
39.000 16599
46.000 16598
52.000 16596
56.000 16614
97.000 16615
66.000 16584
72.000 16587
82.000 16596
89.000 16595
110.000 16592
83.000 16602
56.000 16598
62.000 16596
104.000 16590
67.000 14898
63.000 14862
84.000 14889
63.000 14012
67.000 14017
108.000 14017
45.000 14865
52.000 14884
58.000 14864
63.000 14883
104.000 14884
40.000 14021
47.000 14867
51.000 14883
56.000 14003
96.000 14004
67.000 14880
72.000 14879
81.000 14883
88.000 14858
109.000 14881
82.000 14852
56.000 14891
63.000 14880
102.000 14877
66.000 14877
62.000 15739
55.000 15732
61.000 15745
67.000 15742
108.000 15741
45.000 15736
51.000 14004
57.000 14010
62.000 14014
104.000 14022
42.000 15752
47.000 15722
51.000 14866
56.000 15738
97.000 15737
66.000 15716
72.000 15743
80.000 14875
87.000 15719
108.000 15752
81.000 15734
55.000 15741
61.000 15737
102.000 15737
66.000 14031
65.000 13994
85.000 13132
60.000 13166
66.000 13156
107.000 13156
45.000 13153
52.000 13162
57.000 13180
62.000 13151
102.000 13145
41.000 14034
46.000 13144
51.000 14012
57.000 14877
97.000 14874
67.000 14033
73.000 14864
45.000 14029
52.000 14021
92.000 14020
80.000 14015
53.000 14022
59.000 14018
99.000 14018
65.000 14016
40.000 14892
52.000 14880
59.000 14882
66.000 14881
36.000 14884
43.000 14013
50.000 14860
56.000 14891
60.000 14872
33.000 14020
40.000 14022
45.000 14886
51.000 14888
56.000 14892
97.000 14897
32.000 14865
40.000 14868
43.000 14862
52.000 14884
93.000 14883
46.000 14887
54.000 14878
60.000 14877
99.000 14874
64.000 13170
46.000 12287
54.000 12293
59.000 12306
65.000 12296
105.000 12297
44.000 12298
50.000 12295
56.000 12310
60.000 12292
33.000 12270
39.000 13147
46.000 12311
51.000 12307
56.000 12299
97.000 12295
34.000 12298
39.000 12322
79.000 12321
85.000 12314
92.000 12289
46.000 12284
53.000 12315
60.000 12302
100.000 12304
63.000 13165
40.000 14873
52.000 14868
59.000 14881
65.000 14890
105.000 14890
43.000 14863
53.000 14866
57.000 14880
61.000 14870
34.000 14866
40.000 14886
46.000 14877
51.000 14881
56.000 14857
97.000 15713
33.000 14866
38.000 15723
79.000 16588
84.000 14860
94.000 15734
79.000 15728
52.000 14887
59.000 15730
99.000 15725
65.000 14883
44.000 14864
53.000 14010
58.000 14885
65.000 14859
38.000 14891
43.000 14903
50.000 14884
56.000 14880
61.000 14884
33.000 14873
39.000 14891
45.000 14875
51.000 14903
56.000 14886
98.000 14882
32.000 14874
39.000 14871
78.000 14862
85.000 14873
93.000 14864
46.000 14029
52.000 14021
60.000 14007
99.000 14013
63.000 12286
41.000 13153
51.000 13172
59.000 12303
66.000 12309
37.000 13169
44.000 13178
50.000 12299
56.000 12296
60.000 12308
34.000 12316
40.000 12300
46.000 12308
50.000 12303
55.000 14017
96.000 14017
32.000 11447
37.000 11444
77.000 11447
85.000 10582
92.000 11447
47.000 14017
54.000 12303
60.000 13163
100.000 13163
64.000 11435
41.000 11421
52.000 11452
60.000 11433
66.000 12302
106.000 13161
45.000 12301
50.000 12283
56.000 13152
61.000 13176
34.000 14005
39.000 14008
46.000 13162
51.000 13149
23.000 14003
63.000 14004
69.000 12294
39.000 11435
78.000 11438
69.000 12305
51.000 11432
44.000 13126
51.000 12311
58.000 12308
99.000 12310
43.000 13158
48.000 15702
81.000 14873
90.000 15735
97.000 15727
71.000 14887
43.000 14870
49.000 14878
54.000 14861
94.000 14857
33.000 14885
39.000 14888
44.000 14886
49.000 14879
21.000 14885
62.000 14884
69.000 14875
38.000 14886
78.000 14891
77.000 14903
60.000 14894
42.000 15730
48.000 15715
54.000 15741
94.000 15745
45.000 11446
51.000 11444
79.000 11430
55.000 13152
95.000 13152
68.000 13136
40.000 13149
47.000 13137
51.000 13145
91.000 13146
64.000 13159
37.000 13150
42.000 13168
48.000 13170
21.000 13174
61.000 13173
68.000 13158
38.000 13160
78.000 13163
76.000 13145
59.000 13173
42.000 13169
48.000 13166
55.000 13162
95.000 13161
45.000 15741
51.000 14857
80.000 15724
91.000 14878
94.000 14863
69.000 14885
40.000 13163
46.000 13160
52.000 13158
92.000 13156
32.000 13182
37.000 13147
42.000 14015
48.000 14005
21.000 14030
60.000 14026
68.000 14033
37.000 13180
77.000 13182
73.000 13157
61.000 13174
45.000 13148
53.000 13149
58.000 13157
99.000 13155
47.000 14015
53.000 14003
82.000 14030
91.000 14894
97.000 14024
72.000 13162
41.000 13159
48.000 13152
54.000 13156
94.000 13155
34.000 13162
38.000 14028
43.000 13145
51.000 13155
23.000 13156
63.000 13155
69.000 13149
40.000 13163
78.000 13162
78.000 14009
33.000 13152
45.000 14016
48.000 14882
55.000 14004
95.000 14007
47.000 12306
51.000 12310
80.000 11445
87.000 12305
94.000 12290
68.000 12292
41.000 12304
47.000 12295
52.000 12298
92.000 12298
31.000 13167
36.000 12295
42.000 12302
48.000 12306
20.000 11441
60.000 11441
67.000 11444
38.000 12309
77.000 12308
72.000 12312
35.000 12293
45.000 12294
51.000 12305
58.000 13155
98.000 13156
51.000 13161
56.000 13165
84.000 13157
90.000 13170
97.000 13152
72.000 13153
77.000 13150
82.000 13149
55.000 13164
95.000 13166
33.000 13152
38.000 13156
44.000 13169
48.000 13165
22.000 13182
62.000 13181
69.000 13160
39.000 13141
34.000 13164
74.000 13166
35.000 13160
75.000 13166
52.000 13162
59.000 14011
99.000 14010
50.000 12318
57.000 13996
85.000 13150
93.000 13150
98.000 13169
39.000 13169
44.000 13149
50.000 13154
55.000 12309
95.000 12310
34.000 12316
39.000 13152
46.000 12279
50.000 13167
22.000 12293
62.000 12294
68.000 12309
73.000 11439
78.000 11445
