63.000 14006
38.000 14885
43.000 14879
49.000 14892
54.000 14013
25.000 11452
65.000 12316
35.000 12305
43.000 11443
49.000 11439
53.000 13159
29.000 13148
35.000 14013
76.000 14008
46.000 14887
84.000 14890
30.000 14871
41.000 14856
51.000 14001
58.000 14897
64.000 14862
40.000 14859
45.000 14905
50.000 15748
56.000 15725
70.000 15763
39.000 15735
45.000 15721
49.000 15743
53.000 15747
93.000 15749
21.000 13163
36.000 15738
45.000 16603
49.000 15744
56.000 15739
98.000 15733
37.000 15740
75.000 15740
48.000 14005
87.000 14003
30.000 14869
43.000 14902
51.000 14889
57.000 14894
64.000 14876
39.000 14875
46.000 14866
53.000 14870
55.000 15744
61.000 14868
35.000 15752
41.000 15760
48.000 15740
53.000 15755
15.000 14903
22.000 14892
36.000 14898
43.000 14866
49.000 14025
55.000 14021
28.000 14892
35.000 14879
76.000 14885
46.000 14891
86.000 15748
22.000 14898
40.000 15727
50.000 15750
60.000 15744
63.000 15749
38.000 15742
43.000 15744
49.000 15751
54.000 14876
95.000 14874
72.000 14901
45.000 14892
50.000 16595
56.000 15733
96.000 15736
38.000 13169
54.000 13162
46.000 13162
54.000 15758
94.000 15758
33.000 14884
43.000 14027
49.000 14026
52.000 14875
96.000 14864
65.000 14026
39.000 14023
46.000 14879
52.000 14907
92.000 14909
62.000 14869
32.000 14886
42.000 14901
48.000 14893
86.000 14889
26.000 14885
33.000 14877
40.000 14899
44.000 14883
86.000 14886
126.000 14883
63.000 11445
46.000 13153
53.000 13179
94.000 13180
35.000 12315
38.000 14031
46.000 14035
49.000 14034
89.000 14031
32.000 14873
39.000 14895
46.000 14869
50.000 14881
92.000 14878
30.000 14876
32.000 14868
41.000 14879
48.000 16599
87.000 16602
28.000 14877
31.000 14887
39.000 14897
44.000 14864
86.000 14869
43.000 11470
48.000 11439
46.000 12308
52.000 12298
93.000 12296
34.000 12307
42.000 12313
48.000 12312
49.000 12306
90.000 12307
31.000 11450
39.000 11458
42.000 11452
49.000 12316
89.000 12319
66.000 12306
36.000 12329
43.000 13174
47.000 14014
89.000 14014
31.000 14893
33.000 13181
39.000 14033
45.000 14025
87.000 14031
36.000 14862
36.000 14890
44.000 15746
49.000 14901
89.000 14898
29.000 14031
36.000 14861
44.000 16626
49.000 15734
90.000 15737
65.000 14883
36.000 14910
42.000 15760
49.000 16594
89.000 16594
29.000 16612
33.000 16592
42.000 16609
44.000 15761
84.000 15758
58.000 15755
33.000 14887
37.000 14891
44.000 15756
84.000 15759
29.000 14889
38.000 15745
43.000 15753
49.000 15736
89.000 16595
28.000 14892
36.000 14880
41.000 14882
45.000 14893
85.000 14896
64.000 14890
32.000 15747
41.000 14897
48.000 16581
88.000 17431
63.000 15756
33.000 17456
39.000 16616
47.000 14889
85.000 14889
25.000 14882
31.000 17474
41.000 17439
43.000 15750
83.000 15753
33.000 13165
39.000 13191
46.000 13171
50.000 13174
90.000 13174
30.000 13175
42.000 12309
46.000 12302
52.000 12316
92.000 12319
64.000 13154
38.000 13153
45.000 14019
52.000 14034
92.000 14035
32.000 14008
33.000 14019
41.000 13160
49.000 13999
87.000 13997
25.000 13160
32.000 12311
38.000 12304
44.000 12310
85.000 12310
32.000 14883
38.000 14885
43.000 13162
48.000 13154
88.000 13155
31.000 14008
35.000 14888
42.000 14016
47.000 14872
90.000 14876
62.000 14874
35.000 14898
41.000 14894
47.000 14882
87.000 14882
28.000 14861
31.000 14885
38.000 14883
48.000 14885
85.000 14882
59.000 14015
33.000 14020
39.000 14028
42.000 14039
83.000 14041
36.000 12296
44.000 15731
47.000 15743
52.000 15741
92.000 16592
32.000 16597
42.000 17449
49.000 17481
51.000 16608
93.000 16611
66.000 17468
38.000 14897
45.000 15726
52.000 16615
93.000 16608
31.000 13145
33.000 14869
42.000 14899
47.000 13150
27.000 13173
28.000 14015
31.000 15751
39.000 15711
45.000 14005
87.000 14010
36.000 14033
37.000 13161
44.000 13179
48.000 13186
89.000 13187
28.000 14897
36.000 13174
42.000 13153
48.000 13176
89.000 13175
62.000 13134
34.000 13169
41.000 13165
47.000 14891
87.000 14891
28.000 13173
33.000 13164
39.000 13175
44.000 14009
99.000 14007
60.000 14010
32.000 14011
38.000 14027
43.000 14898
83.000 14895
30.000 11449
35.000 11455
42.000 11409
46.000 10568
87.000 10583
31.000 11452
36.000 11461
42.000 11431
46.000 11439
86.000 11444
62.000 11456
32.000 11449
39.000 11453
48.000 10588
88.000 10590
26.000 10577
32.000 10589
38.000 10584
44.000 12300
20.000 12312
25.000 11448
31.000 12297
36.000 12305
44.000 12302
84.000 12302
33.000 11434
40.000 11458
49.000 11435
51.000 10585
92.000 10585
32.000 10582
41.000 11455
43.000 11445
49.000 11442
90.000 11440
63.000 11433
39.000 12298
44.000 12318
50.000 13163
89.000 13163
30.000 12285
36.000 12307
46.000 12293
48.000 11460
89.000 11463
61.000 10587
32.000 12293
38.000 11445
44.000 12299
87.000 12300
33.000 12307
39.000 14029
47.000 14024
50.000 14022
90.000 14024
31.000 14003
42.000 14030
47.000 14027
49.000 14032
90.000 14026
33.000 13165
42.000 14017
43.000 13186
50.000 13165
94.000 14025
30.000 14013
33.000 13165
40.000 13155
47.000 13156
87.000 13157
27.000 13167
36.000 13169
39.000 13182
45.000 13159
86.000 13165
29.000 12277
38.000 15734
46.000 15737
50.000 14884
90.000 14881
28.000 13168
35.000 14002
44.000 14049
47.000 13165
88.000 13163
29.000 13149
36.000 13171
40.000 14030
47.000 13171
89.000 14029
27.000 14030
33.000 13158
39.000 12297
45.000 14027
92.000 14029
25.000 13160
33.000 13156
39.000 13155
42.000 13157
83.000 13159
27.000 11434
35.000 11448
37.000 11442
41.000 11459
81.000 12321
25.000 10576
30.000 11460
34.000 12304
82.000 12307
46.000 12298
55.000 11450
45.000 11448
51.000 10602
91.000 10603
64.000 10580
35.000 11458
45.000 11440
50.000 10579
90.000 10582
61.000 11447
39.000 11444
45.000 11448
47.000 10578
87.000 10577
62.000 10597
35.000 14026
40.000 14023
43.000 14014
83.000 14875
54.000 12300
26.000 12306
34.000 13165
36.000 15764
78.000 15758
46.000 14889
53.000 14885
46.000 13188
53.000 12302
92.000 12302
67.000 12309
38.000 13157
44.000 13185
52.000 14040
92.000 14038
64.000 15725
36.000 14879
44.000 14891
49.000 14037
89.000 14037
61.000 13169
32.000 12300
37.000 12297
42.000 13164
81.000 13168
57.000 13176
28.000 13172
31.000 13169
37.000 13148
80.000 13149
48.000 13161
55.000 13157
45.000 12298
53.000 12294
90.000 12294
63.000 12311
39.000 14882
43.000 14024
50.000 12297
90.000 12290
65.000 13156
37.000 14017
42.000 14018
47.000 14022
87.000 14026
59.000 14050
35.000 13172
40.000 14870
45.000 14899
85.000 14900
61.000 14887
32.000 14881
38.000 15724
43.000 14016
85.000 14017
123.000 14018
58.000 14856
46.000 13158
51.000 14041
91.000 14044
64.000 14014
39.000 14894
44.000 14864
52.000 14895
91.000 14896
65.000 14029
38.000 14884
44.000 14016
49.000 14878
88.000 14876
60.000 14899
35.000 11440
41.000 13174
44.000 13158
84.000 13154
62.000 12298
32.000 12308
38.000 12307
45.000 11443
90.000 11444
50.000 11451
58.000 11452
49.000 11444
53.000 11452
93.000 11457
33.000 11447
