68.000 13171
73.000 14010
46.000 14014
53.000 14015
59.000 13167
64.000 13171
69.000 13149
41.000 13162
48.000 13185
51.000 13172
57.000 14025
52.000 13154
38.000 13153
55.000 13162
64.000 13141
38.000 13990
78.000 13987
118.000 13984
61.000 14035
66.000 14012
104.000 13999
111.000 14020
50.000 14009
56.000 14012
62.000 14019
68.000 14015
74.000 14002
46.000 14033
53.000 14009
59.000 14018
63.000 14018
69.000 14016
41.000 14022
47.000 14014
50.000 14005
57.000 14029
54.000 14014
39.000 14020
58.000 14020
63.000 14005
70.000 14023
77.000 14010
117.000 14005
68.000 14019
75.000 14855
103.000 14886
76.000 14889
50.000 14873
59.000 14865
63.000 14896
68.000 14038
73.000 14869
46.000 14891
52.000 14893
59.000 14870
63.000 14860
68.000 14893
41.000 14876
49.000 14869
51.000 14873
57.000 14886
53.000 14889
41.000 14896
57.000 14012
63.000 14886
37.000 14884
77.000 14888
118.000 14884
58.000 14006
66.000 14021
98.000 14018
111.000 14015
49.000 14029
56.000 13999
62.000 14014
68.000 13976
74.000 14005
46.000 13142
52.000 13996
58.000 14014
63.000 14015
69.000 14021
41.000 13142
48.000 13151
50.000 13161
57.000 13151
55.000 13137
39.000 13148
57.000 13172
64.000 13139
71.000 13168
77.000 13166
117.000 13165
70.000 14032
76.000 14014
104.000 14009
76.000 13993
50.000 14023
56.000 14007
62.000 14029
69.000 14019
39.000 14011
46.000 14002
52.000 14015
58.000 14018
64.000 14023
35.000 14017
42.000 14021
48.000 13990
50.000 14874
58.000 14882
97.000 14883
40.000 14888
45.000 14860
52.000 14865
59.000 14877
98.000 14875
73.000 14889
59.000 14022
59.000 14019
67.000 14005
39.000 14021
45.000 14001
52.000 14011
58.000 14011
66.000 14017
39.000 13998
45.000 14015
52.000 14005
58.000 14021
64.000 14856
36.000 14890
44.000 14879
50.000 14880
55.000 14875
61.000 14869
33.000 14893
40.000 14882
46.000 14879
52.000 14866
58.000 14866
98.000 15727
71.000 14864
59.000 14007
76.000 14021
66.000 14014
39.000 13160
46.000 14015
52.000 14031
58.000 14022
67.000 14016
38.000 13147
44.000 13149
51.000 14017
57.000 14028
64.000 14006
37.000 14013
43.000 14002
49.000 14006
56.000 13982
63.000 14022
34.000 14020
40.000 14006
47.000 14033
51.000 14013
57.000 14021
97.000 14019
70.000 14021
61.000 14877
67.000 15722
66.000 15752
39.000 15731
45.000 15734
53.000 15756
58.000 15741
64.000 15748
37.000 15758
44.000 13998
51.000 14031
56.000 14884
64.000 15716
37.000 15733
43.000 15733
51.000 15726
55.000 15729
62.000 15738
34.000 15747
39.000 15745
46.000 15741
51.000 15738
58.000 15747
99.000 15750
70.000 15744
59.000 14028
92.000 14004
68.000 13162
39.000 13160
45.000 13165
52.000 13172
58.000 13136
65.000 13146
37.000 13171
44.000 13157
50.000 13150
58.000 13160
63.000 13168
36.000 13160
43.000 13164
50.000 13165
56.000 14026
60.000 14017
34.000 14026
41.000 14014
46.000 14048
52.000 14006
58.000 14009
98.000 14011
70.000 14012
55.000 14007
55.000 13985
63.000 14882
36.000 14872
43.000 14887
50.000 14849
55.000 14015
61.000 14874
34.000 14865
40.000 14021
48.000 14896
53.000 14883
62.000 15739
33.000 14888
41.000 14872
46.000 14878
51.000 14882
60.000 14884
38.000 14014
39.000 14026
45.000 14021
51.000 14030
58.000 14032
98.000 14027
72.000 14025
58.000 14024
52.000 14882
66.000 14880
38.000 14873
46.000 14871
53.000 14877
58.000 14899
65.000 14875
37.000 14862
43.000 14879
50.000 14899
56.000 14890
64.000 14890
37.000 14875
43.000 14883
50.000 14881
55.000 14869
61.000 14882
35.000 14871
39.000 14863
45.000 14871
51.000 14890
58.000 14900
98.000 14899
72.000 14887
59.000 14015
58.000 13153
66.000 14870
38.000 13146
45.000 14012
52.000 13147
58.000 13150
64.000 13144
37.000 14038
44.000 14018
50.000 13167
55.000 14028
62.000 14023
36.000 13163
43.000 14027
50.000 14010
55.000 14028
61.000 14034
33.000 14016
38.000 14012
45.000 12279
51.000 14020
58.000 14017
99.000 14012
71.000 13149
58.000 13160
59.000 14022
65.000 14024
39.000 14024
45.000 14014
52.000 13144
58.000 14010
65.000 14018
38.000 14024
44.000 14009
50.000 14016
56.000 13151
63.000 14031
36.000 14010
42.000 14019
49.000 14018
56.000 14024
62.000 14030
33.000 14019
39.000 14006
45.000 14030
50.000 13159
57.000 14034
97.000 14035
70.000 13145
58.000 13151
64.000 13156
65.000 13144
39.000 13147
45.000 13153
53.000 13158
58.000 14011
65.000 14020
37.000 13987
44.000 14008
51.000 14011
55.000 14024
65.000 14017
37.000 14021
43.000 14005
50.000 14002
55.000 14012
61.000 14854
33.000 14878
39.000 14869
45.000 14889
51.000 14881
57.000 14864
97.000 14867
70.000 14022
58.000 14008
64.000 14011
66.000 14020
39.000 14003
47.000 14025
53.000 14896
58.000 14879
67.000 14000
39.000 14025
44.000 14019
50.000 14004
57.000 14034
64.000 14004
36.000 14020
43.000 14019
51.000 14011
56.000 14030
62.000 13999
33.000 14019
40.000 14005
45.000 14006
50.000 14024
25.000 14021
64.000 14019
73.000 14020
68.000 13164
73.000 13170
99.000 14012
71.000 14022
78.000 14016
51.000 13147
58.000 14035
99.000 14037
37.000 13140
44.000 14024
51.000 14026
57.000 14018
98.000 14881
37.000 14892
43.000 13157
49.000 14026
56.000 13176
97.000 13174
57.000 14010
46.000 14026
58.000 14026
65.000 14012
39.000 14031
78.000 14031
86.000 13995
72.000 14019
79.000 14026
104.000 14021
76.000 13993
48.000 14009
57.000 14021
62.000 14031
103.000 14027
40.000 13995
47.000 14018
51.000 13997
58.000 14021
98.000 14877
34.000 14013
40.000 14013
48.000 14019
50.000 14880
91.000 14881
59.000 14861
67.000 14897
58.000 14001
66.000 14015
40.000 14019
79.000 14019
87.000 14001
71.000 14025
98.000 14023
106.000 14022
78.000 14015
50.000 14019
58.000 14040
63.000 14025
104.000 14024
42.000 14003
48.000 13997
53.000 14003
58.000 14025
98.000 14020
35.000 13153
41.000 13145
47.000 14025
51.000 14020
92.000 14017
57.000 14031
64.000 14024
86.000 14016
98.000 14010
40.000 13997
79.000 13999
87.000 14008
73.000 13996
80.000 13993
106.000 14027
78.000 14009
50.000 14020
57.000 14037
64.000 14007
104.000 14008
41.000 14034
48.000 14024
54.000 14028
58.000 14000
99.000 14003
36.000 14000
42.000 14022
48.000 14015
51.000 14023
92.000 14025
59.000 14029
68.000 14036
87.000 14018
98.000 14019
40.000 14039
79.000 14043
88.000 14035
74.000 13996
81.000 13171
107.000 13154
